9.084118868250403711e-01 4.133960569963440745e-01
2.357692001983942465e+00 -4.545744105582546268e+00
-4.545744105582546268e+00 8.960347383828024093e+00
1.716575265961185481e-01 2.400032249186452304e+00
2.254835381793497184e+00 -2.381311821983290500e+00
2.297991420877282920e+00 -2.516186378566511284e+00
-1.869708259623899638e+00 4.857561407476518767e+00
1.607916432816403951e+00 -1.164413719462830787e+00
2.834005891990552861e+00 -3.288280345547206274e+00
2.022764323704691058e+00 -1.798655889647762685e+00
-2.559739841970751772e-01 3.200503680610303103e+00
2.805839713746453690e+00 -3.181083934360583232e+00
-3.673603293656668711e-02 1.983634327855028801e+00
2.509934368753597322e+00 -2.285396460013445541e+00
1.339638191290619895e+00 -6.636948217986334830e-01
1.627827223367376952e+00 -1.403605587826143974e+00
-2.413393615806330494e+00 6.321177337098274229e+00
1.447819393235264318e+00 -3.096797889086628786e-01
8.926244204925745107e-01 4.956378412904707820e-01
-1.150680241297061812e-01 2.428836934146539228e+00
1.017024098565375789e+00 -2.993993437093540599e-01
2.039835070784963289e-01 1.426679910063591183e+00
1.242498129260638517e+00 -2.021572116356897819e-01
4.257461429259701280e-02 1.629942530301590420e+00
3.250321335180443860e-01 1.532371800257080530e+00
-7.521104528723232541e-03 2.576260824001733951e+00
4.834010222221195585e-01 1.152618683093697971e+00
-2.001271026973344469e+00 6.432709021358203216e+00
3.966883227922588517e-01 2.129872528760959671e+00
2.923199687383977619e+00 -3.772327853367519523e+00
2.131245261974790139e-01 9.935144400080608840e-01
-3.149745380097768166e-02 2.130344663477430345e+00
1.310062883422860480e+00 -3.737393732530697177e-01
2.220979495045220631e+00 -1.945847861625005670e+00
-6.927062667485983649e-02 1.792053775208203081e+00
5.232857519998581619e-01 1.269339913707839385e+00
-8.800113525542681003e-01 4.048330766216523990e+00
-2.831579501638981089e-01 2.778649557110985935e+00
5.476882822177129295e-01 1.288321165815750513e+00
1.724674609259515545e+00 -1.244834381864858841e+00
4.678646044689165340e-01 1.775000535165637938e+00
-2.355875237421801494e+00 7.168147594078826401e+00
5.780366752716445955e-01 1.422957094711531756e+00
-1.656698032428844725e+00 5.086609724113214881e+00
1.009562548138826621e+00 9.450909393529104419e-01
-2.593919865738973929e-01 3.003261909132256768e+00
-1.670163368934438397e+00 5.378938100078590523e+00
-4.702652368815949391e-01 2.860657842490573088e+00
5.577829425716398504e-01 1.472098554759105671e+00
3.682759230238970005e-01 2.216487303067104619e+00
1.491304249337322307e+00 -1.087405916857842936e+00
5.270625458542178565e-01 1.144402733778286052e+00
1.865636705050449429e+00 -1.756404579595193027e+00
4.681991430690843337e-01 4.333956145745966326e-01
2.034202270670559365e+00 -1.099473972592216242e+00
2.161303813437973176e+00 -2.366693119011593627e+00
3.552977144197972059e+00 -4.710988947255839498e+00
1.401873481670345090e+00 -7.323393649283761464e-01
-1.724787322763529085e+00 5.463653583052882290e+00
-2.930611357987500387e-01 2.982763708774497591e+00
3.355750350883857092e-02 2.360028041391955878e+00
5.173937219066109261e-01 5.438594066615539679e-01
2.282770554937502805e+00 -1.961949993226069555e+00
-5.054341076825459300e-01 2.669358937827039036e+00
2.455880572175805021e+00 -2.236729774725275011e+00
-1.079671099105224741e+00 4.484989703005293649e+00
7.605747106031601756e-02 1.894750040914483513e+00
3.424673574909142815e-02 2.270629404466437684e+00
8.726546265982531025e-01 5.786242386724588238e-01
3.084775609848614764e+00 -3.862706287093822688e+00
1.401057584052798344e+00 -6.643902495425547672e-01
8.745202166572254576e-01 1.682828631539851738e+00
5.204281249453042157e-01 1.135346219965742920e+00
2.770014569864359899e+00 -2.769714172943660291e+00
2.475669880267330925e+00 -3.087055968228817004e+00
1.071606423931600327e-01 2.646410760675963925e+00
1.307335933187370181e-02 2.733948450447533762e+00
1.598293591319053020e+00 -2.417712680508123047e+00
1.922850855368750667e-01 1.622932313854978492e+00
1.025480189992779234e+00 3.296538468233862762e-01
-1.334120621204382795e+00 5.114624136977237612e+00
-1.458282039667548879e-01 2.702194008604284381e+00
2.062618215719285608e+00 -1.066962217445564853e+00
1.033833198089774141e+00 -5.796100226773848174e-03
2.368208603707585347e+00 -2.965844210546807691e+00
7.881347656656093603e-01 1.110516936097472041e-02
6.829992646948623847e-02 2.264026679165780376e+00
-2.421676936439109973e-02 2.281720560499287398e+00
2.251608442731600324e+00 -2.067125325537644276e+00
-2.772640453656534110e-01 3.613732532237168282e+00
1.770551764860934352e+00 -7.860223603495283262e-01
1.687212474763815084e-01 1.634160850322454284e+00
2.514711653477732511e+00 -3.606668239292159406e+00
-6.478257653209531508e-01 3.648167312935522322e+00
6.675935289094999670e-01 1.226930192895193117e-01
-1.844405511475999182e+00 6.011811749048039388e+00
1.129392214610381640e+00 -9.062482660479886931e-02
9.550433001144930101e-01 9.185967261847658438e-01
-2.552587663707807764e+00 6.778052141753461157e+00
2.010328786422144187e-02 1.872063618305693122e+00
5.168412940342066442e-01 2.409999335982069002e-01
2.140909036771397211e+00 -2.036886098103980913e+00
2.621274801940619348e+00 -2.783512187091096823e+00
