6.936795270051179241e-01 6.171699256249540966e-02
1.178588713797997478e+01 -9.259083711827106100e+00
-9.259083711827106100e+00 1.566108229125533846e+01
6.083565766571958910e+00 -4.824784006285636195e+00
-4.143323253533813144e+00 5.171588486324944611e+00
3.280877790466404598e+00 -4.669076501223354825e+00
1.095354368462222228e+00 1.742600562098490791e+00
1.528167871226876695e+00 -1.179808743302524388e+00
3.361629352524459158e+00 1.457300909813229683e+00
-2.918882557762332297e+00 4.893041688467150152e+00
7.971267368756155269e-01 -2.336824600580334810e+00
2.362719120928515437e+00 7.047616972827814852e-01
1.363674605021190755e+00 -2.166667525549723639e-01
2.245331350645304092e+00 -3.980791506751212849e-01
1.574533181166327012e+00 -4.210324812625027557e-01
-1.727905121551586154e+00 4.404927206919653782e-01
1.635145426876560393e+00 -1.674490114725230905e+00
2.189299319387923326e+00 4.175881710189752738e+00
-3.391745444254170572e+00 1.895527689264661975e+00
-3.152177959922012107e+00 -4.275319583247782496e-01
1.116365348543651992e-01 -2.025959779272398453e+00
-2.007432925201797502e+00 1.873878290107270139e+00
-2.339251439187752801e+00 4.293712853308811361e+00
6.515810442968840155e-01 1.065296690837240545e+00
-2.357378610436634325e+00 3.647862537220827317e+00
-2.661252419440392813e+00 3.756298072711588443e+00
1.646531849690753724e+00 -5.084327486769948834e+00
7.318627083295208280e-01 2.152544105705364252e+00
2.401510889913132996e+00 4.423331235586575039e-01
-3.801230478673829793e+00 8.615575308602638316e+00
3.117333505453410147e+00 -4.259929795657592777e+00
8.526174363353113961e-01 1.129952568119333645e+00
3.108416653688949594e-01 2.372513486049992348e+00
2.972296039996396466e+00 -1.825131946056819165e+00
2.668876159703725826e+00 1.659090483452456466e+00
5.536145794984651758e+00 -3.763202966024448592e+00
-1.398151569172688680e+00 4.659685739707500218e+00
-1.106613477171239923e+00 2.323621623726459529e+00
-9.552099622496132980e-01 -2.886533335375048193e+00
-4.136201773553044525e+00 5.506559351714045647e+00
-9.587071483805142957e-01 6.381067144679846592e+00
5.016386633485162783e+00 -4.083847062650200144e+00
-9.195858386262010242e-01 4.791091574427254196e-01
1.271732039146311610e-01 -6.807672341315227360e-01
7.958088120763943785e+00 -3.107117626001248301e+00
-1.387449925129361050e+00 4.439528934899499291e+00
-1.518475814295644932e+00 5.304150563406539121e+00
3.277665839605827247e-01 -2.221151265529275332e+00
5.465743089371962071e+00 -4.145902248365080922e+00
-1.862795304929324436e+00 7.190470425400130594e+00
-5.091629894058106842e+00 9.549472648618049675e+00
3.231803469529516137e-01 -2.546883094384811308e+00
4.192934450413329017e+00 -4.944838658552299648e+00
-2.556793754276502462e+00 5.044134497348668589e+00
-2.936420258439771835e+00 5.571435307840893358e+00
4.360400160267381864e+00 5.579054894079600757e+00
-5.736172042493379308e+00 7.784589728014809751e+00
-4.207454944434600996e-01 1.997268938073170519e+00
5.080506672251927647e-02 4.029238420333971504e+00
8.909800368091328693e+00 -1.096271752783240316e+01
3.715362827444529614e+00 -2.520227800275505192e-01
2.664569572337318171e+00 1.179136657911497243e+00
-1.997691432934595168e+00 6.815881600128046003e+00
2.364431499453804708e+00 -1.633658810610253420e-01
1.968771192497353217e+00 3.848916968086215196e+00
7.994431872607795420e+00 -4.371378166124245013e+00
-8.582226381942694715e-01 3.688064239877403949e+00
3.567541005356829942e+00 -5.842612459037685113e+00
2.880965823307844786e+00 -2.873281460031890111e-01
-1.807414753983704658e+00 -1.010953575842031826e+00
2.879878614336413567e-01 -5.495019412208047571e-01
5.997733162932954443e-01 2.653043681528147957e+00
-1.702330082949521595e+00 -1.023123584063316605e+00
1.889172496151027891e+00 5.059212778742638861e-01
1.274677316471477084e+00 -2.225045175509907214e+00
5.552041539805870229e+00 -5.071675257696853123e+00
4.309557006514508903e-01 2.256292737032848716e+00
-1.002379136125710390e+00 4.140744976060091176e+00
6.310129989961573038e+00 -5.525551306362322279e+00
-3.162598372584485951e+00 2.529446381700569013e+00
4.342892500449090143e+00 -2.204011272512591102e+00
1.508860059878332383e+00 5.982287283410782308e+00
2.686216103095176333e+00 1.097886293416135750e+00
-1.696124309284468668e+00 -2.800926222365099250e+00
1.202454760409976453e+00 -3.793719395698475161e+00
-9.070981586282564901e-01 -9.867227640026527968e-01
-3.622167087181978218e+00 5.064623948479656690e+00
-4.784422178473719534e+00 3.094653391439321055e+00
7.389700084542610625e+00 -8.947047895583061461e+00
4.340670874463762985e+00 4.363691897379134432e-01
3.739167040849454615e+00 4.249022355185131161e+00
1.544556778063105540e+00 -3.124381289127904360e+00
2.897840299639381501e-01 -4.179363289992160446e+00
-1.610554196843476671e-01 -1.779286175907547785e+00
5.396184656053743645e+00 7.754587854555963222e-01
-5.499645039686846815e-01 -4.097165499934865007e-01
6.350470850253087995e+00 -4.991685089281329368e+00
1.598023877276262272e+00 -2.726443678468312815e+00
-3.378474983515916463e+00 -2.847691498786598940e-02
2.110918104698123354e+00 -2.149423504774839344e+00
1.396796113371781889e+00 -4.769338254983928493e+00
-2.994202340185528222e+00 3.576843610550222596e+00
-6.809178300120596994e+00 4.244456764447196662e+00
