5.289058208319959986e-01 5.332523405775679848e-01
3.681947130918087119e+00 -3.954602483025392523e+00
-3.954602483025392523e+00 2.043218773372651498e+01
-1.335182308814300889e+00 -1.294103029247392733e+00
4.015495928885073340e+00 -1.011448208908123192e+01
2.879548830024120654e-01 4.597484273127874665e+00
-2.392187975939871203e-01 7.061515546060281423e+00
-2.360619342494528761e-01 1.046608127024284851e+00
9.386831651055008718e-01 5.642258059723881836e+00
-1.095601774351667501e+00 7.230215720492126685e+00
3.097922140321893281e+00 -8.937272212056498688e+00
3.564507050368762586e-01 9.868785096630979803e-01
-1.474143010887378313e+00 -2.408899693533639308e-03
4.039575224467573111e-02 2.445405831109221495e+00
2.155241431896866899e+00 4.163691071666507426e+00
-2.190789131163569881e+00 6.792143291641224323e+00
1.252004544895944260e+00 -2.533740065414832099e+00
8.473773494539657003e-01 -2.542929573600400062e+00
1.196418663298347340e+00 4.053903683871135755e+00
-3.198224167973219956e+00 3.451973497651763090e+00
4.150405761788276138e+00 -4.808808136515261289e+00
9.450722334398589108e-01 1.254707247270096193e+00
-1.624603871009456135e+00 -1.747556708868392761e+00
-1.428448041667703450e+00 -1.676310323062323970e+00
4.759126484492025022e-01 6.509163706403396255e+00
3.527613017802350148e-02 1.904929004949391436e+00
2.569274871226502999e+00 5.992842781175700129e-02
3.849645354580538026e+00 -8.859934301734284645e+00
1.460301083252829146e+00 1.721674763994314628e+00
-2.296502336288422708e+00 2.026237151307921369e-01
1.697104482240997303e+00 9.747516561404572233e-01
8.340112007447495479e-01 -7.587046946810729331e+00
-1.604253290578048663e+00 2.611928910527724579e+00
-1.236968957481982656e+00 2.135517325307453085e+00
6.694704100730084484e-01 1.272668819831180631e+00
-4.640245766837080232e+00 8.834084139207931230e+00
3.562303275836244065e+00 -1.119324000943200659e+01
4.266398394526511595e+00 -5.980569065309382371e-01
-2.449419747442390438e+00 8.571504502759723643e-01
1.442487268762745467e+00 5.520742216323289320e+00
5.142666729714899798e-01 -1.262552084878168834e+00
2.378423647293034904e+00 -4.721318642217839923e-01
-2.012423101037549955e+00 3.897373617260474710e+00
2.204758855896546965e+00 -2.392596614560882351e+00
-1.641443815724081823e-01 1.037899998792149603e+01
-1.813875363280925690e-03 5.740633502806669064e+00
3.254144677476758396e+00 -3.019185107867343731e-01
-1.326096076858674699e+00 3.774786168086891047e-02
2.301069923810948659e+00 9.037036950041791528e+00
3.861062753015280791e-01 -3.155600794108174956e+00
9.975502746623654549e-01 -3.640269306983101583e-02
2.406678695717888505e+00 -9.135190817079765768e-01
-3.835037892829134876e+00 1.410395449321725536e+01
3.910750846892228072e+00 -8.313900899088448426e+00
-4.578964011075575824e-01 2.553365479470983690e+00
-9.167983193026681965e-01 -9.217903231664901220e-01
2.807256646492396257e+00 -8.153793094351787119e+00
1.292092928406278318e+00 -3.823114205608345806e+00
-1.929074995720033492e+00 4.852124686051290325e+00
3.561924454997565714e+00 2.555752124511247558e+00
2.056110367943490225e+00 4.560113078137939979e+00
-5.121303243355564971e-01 5.181648003437373085e+00
-1.240311468858414923e+00 8.654772184107820010e+00
2.607413023884902703e+00 -3.569706614714110771e+00
2.749576203185884360e+00 1.421943010841956623e+00
1.870083887689183655e+00 -3.090036218533388279e+00
2.479011159261598207e-01 1.765001528240453199e+00
1.223860297619624671e+00 -2.289471035288828116e-01
-2.755377554912485927e-02 5.961509385262124816e+00
-8.565602131817834364e-01 4.726180620686470490e+00
-9.650181717507956280e-01 4.974233145262832445e-01
-1.270896863815828004e-01 -3.391960648315627935e+00
4.910402510562544287e-01 4.574400357903428693e-01
3.174674944908738361e+00 4.412568109136580041e+00
-2.365345193498813448e-02 2.561084542649973095e+00
-2.259150445606763480e-01 9.501404144666492080e-03
3.882997546902329788e-01 4.773674795006358273e+00
2.461698308236027088e+00 5.089295773273216916e+00
5.177100573275633666e-01 6.943847764478159768e+00
4.803371436478308665e-01 1.953884998150380969e+00
-2.241185704976671023e+00 5.619823020040881190e+00
-1.167287498023963366e+00 1.549479007117366969e+00
6.589427274679064972e-01 -2.005265130419143116e+00
7.389078960441569643e-01 6.189944297121302341e+00
1.646909139632939834e+00 7.350614544792041016e+00
4.197748764302199120e+00 -6.745663859643566518e+00
1.244556486511254056e-01 3.479939436150770726e-01
-1.186088003412841818e+00 8.905486217621445544e-01
1.902014762747544108e+00 6.452343756443392309e+00
8.878081009189469075e-01 1.261812513871337860e+00
3.036391228402737230e-01 7.259415653215333109e+00
3.422929141739318171e-01 -1.159846252332571481e+01
-6.796749799367250988e-01 -1.696322992257415230e-02
-1.417499929685044346e+00 4.648261312587306904e+00
2.284462553450924194e+00 -7.167358641685293463e+00
7.630975459697137975e-01 7.011597838262778382e+00
8.432480833823488009e-01 3.146699601063452256e+00
-1.073737780874162162e-02 -4.530268956699424754e-01
1.656169516105923667e-01 -3.495640348819335053e+00
1.907116887214092005e-01 7.798028889630954197e+00
1.822417304652604653e+00 -5.829457830646944672e-01
6.004877142552427216e-01 -5.419378092240207501e+00
1.990594916087153443e+00 -2.638834297634964354e+00
