5.771800539660243423e-02 1.507826282844456633e-01
1.222040329020250615e+00 -2.472512560036468354e+00
-2.472512560036468354e+00 7.102818541187644996e+00
1.175639956190714708e+00 -2.250885302054530079e+00
4.099623140237935170e-01 -6.331979659146776962e-01
6.525076403442712225e-01 -9.896603093852071042e-01
-3.716281495390193479e-01 -9.842696382198089511e-01
-1.794710622310698334e+00 2.866743153460948879e+00
4.762847293982582775e-01 9.019115244141899801e-01
-1.100028759832115954e-01 -1.016676147037737010e+00
1.412611498809344557e+00 -1.797908724087307064e+00
-1.971492201440050662e+00 1.826314513982477905e+00
4.153687988604783804e-02 -9.307552748111135310e-01
3.157383906311149735e-01 9.775315848066112867e-01
1.510802786511856455e-01 -8.757563140516514411e-01
-1.201278500756577827e+00 1.594534776633761197e+00
2.433975484014266055e-01 -7.768605374986149448e-01
-3.639307558848349222e-01 1.912573015841995350e+00
-7.886766734040502325e-01 1.547720559644081839e-01
-5.715727397907848228e-01 -4.366920444021347159e-01
1.301360208513840488e+00 7.824954664074901256e-01
5.423629028669110230e-01 -1.133420279550503285e+00
1.373630945451453700e+00 -2.742334922048550450e+00
-8.741411573812810643e-01 2.396994361669519069e+00
-1.264620907201101374e-01 -6.129641128561892360e-01
1.526609100362363414e+00 -4.075151699397608240e+00
6.491828875929660514e-01 -2.561461071956089297e-02
1.506841102931199661e+00 -1.415397865861115712e+00
9.551859380426164225e-01 -4.055857078761524459e-01
1.002259362260204067e+00 -1.523617704815408480e+00
5.742248716361677552e-01 4.153419564629196592e-01
-2.058362868888061747e+00 7.501572344811662241e+00
8.021289167446846724e-01 -2.553584405327903095e+00
-3.594306377398471808e-01 -4.072371093357105010e-02
-7.755808014845257947e-01 8.911215073247933383e-01
-1.422639523563659525e+00 2.692012247495271904e+00
2.459816926772912665e-02 -7.971782442566412996e-01
-1.375507890071541617e+00 2.247510281145776112e+00
6.770549317638325793e-01 -1.082388248501680472e+00
9.779152526921214283e-01 -1.560460142723052002e+00
1.375685655246872974e-01 1.301666510963732204e+00
-1.134132690714787506e+00 1.217820981217049514e+00
6.501991811264339338e-01 -1.463357915496819484e+00
-6.690700117916439371e-01 3.167972032369407831e+00
4.947454502731152837e-01 5.060264914330609987e-01
-1.093057534162252376e+00 2.568525432012365162e+00
5.777826309667326576e-01 -1.296001324772262819e+00
-1.664756969678163334e-01 1.972244501564892172e+00
8.690504180448229699e-01 -3.177134555585459097e+00
2.591706619863289873e+00 -5.367980230757907201e+00
8.191110145472587645e-01 -3.165912475715272567e+00
1.602377061722268792e-01 -3.327341531918489026e-01
-8.750357321646410336e-01 2.966477398227602702e+00
-6.547575740184548021e-01 -3.980419991533632462e-01
1.524461303404746615e-01 2.694071103348357088e+00
9.273152488681308814e-01 -4.174593697685881288e+00
5.806572157787882882e-02 1.435442789456100154e+00
7.601794531792349652e-01 -3.534635761135508369e-01
2.105777117819748745e-01 -2.668973227664928061e+00
-1.370621666823320650e+00 1.347213940323564785e+00
-4.700664981104070439e-02 2.202655257006632006e+00
8.720831815131955267e-01 -2.478672029731805893e+00
1.343449253542519317e+00 -3.886936875545226489e+00
8.405338072923354553e-02 2.701002709776387234e-01
-2.092969279291406970e+00 6.217879621413285207e+00
-3.816281340077101181e-01 1.011365951981199718e+00
-8.449637055287897436e-01 3.423443912226237451e+00
-3.144365919039747437e-02 1.107406059704996615e+00
5.767103182962473040e-01 3.172499239441656793e-01
-1.002480651220390151e-03 -2.517788255920917706e+00
5.359140130307340488e-01 -1.262472565701670213e+00
-1.133451463450874774e+00 2.829866290791493100e+00
-5.154319195625953753e-01 1.074593233621544464e+00
8.838229711977444447e-01 -4.002698731530972331e+00
-1.288964005977252913e+00 2.788763189751685356e+00
1.359147701699246813e+00 -2.770605032592636796e+00
-4.599756123561639098e-01 1.104269271946458408e+00
1.999681458939797651e-01 1.647738235759995895e+00
-3.211383751290176058e-01 7.116034435618606713e-01
-7.323353197452431296e-02 -1.890021357924570600e-01
-5.993002489146312950e-01 1.375631501778073140e+00
-9.654042587115194696e-01 3.325015783592831120e+00
-4.901210018468767915e-01 1.018025461354041594e+00
1.071955314682432769e+00 1.451757688710311633e+00
8.312402394433459074e-01 -2.492244483398065480e+00
-2.402240297960142712e+00 7.125497465936348362e+00
-8.861175286590631250e-01 4.589218403459035756e+00
-2.861550229289386849e+00 6.043955442499179931e+00
-1.047239755229707248e+00 2.832904175476277153e+00
-2.542376841547873134e+00 5.825641130229844755e+00
1.518861984025022371e+00 -3.804515635467734302e+00
7.775732662397669692e-01 -1.892836827321522808e+00
-1.479513260012263576e+00 1.291203196447006096e+00
8.232624793667899787e-01 -2.620881674926348381e+00
-1.946467301876295131e-03 -8.418862160607917255e-01
3.812851825078045764e-01 6.091235031135163736e-01
-8.481490171771555175e-01 1.490712853779840419e+00
-1.002631385830488053e+00 1.520057338390746526e+00
8.867295421802864896e-02 2.471460728843619115e-02
-1.718064381314227784e+00 2.132696182930575723e+00
1.862175429823076600e+00 -4.360816079123157607e+00
8.361581446002311901e-01 5.560820129775827514e-01
5.409371451641823425e-01 -7.762442361456045603e-02
