3.676374721655544242e-01 3.974882796300924781e-01
2.161344225201826319e+01 -7.687040103826710435e+00
-7.687040103826710435e+00 3.061194101336346396e+00
6.484444131350043605e+00 -2.845994875001646829e+00
6.668133054069571131e+00 -2.640923461558951857e+00
-4.569530188207354016e+00 2.823210379172236717e+00
2.202080439926346056e+00 -2.599996752592834692e-01
1.797057450892496355e+00 -4.884346604662863633e-01
7.002226952489337464e+00 -2.558529505283770433e+00
-2.227096727057132686e+00 1.586121962557898168e+00
3.907594404464762139e+00 -2.037980785381067195e-01
-5.843557436219915857e+00 2.665698836068337130e+00
-2.673928188429350872e+00 2.324971958273029049e+00
1.564298927300822983e+00 -6.137024175261185377e-03
-1.492365320218483893e-01 -2.568513777986437541e-01
2.781942394483520875e+00 -4.250442304192293408e-01
1.441494264096344846e+00 -4.727094150255295446e-04
1.410151157998103866e+00 -2.499608278662370786e-01
1.038931797436215554e+00 4.748662763581444901e-01
-7.770536561669800779e-01 7.393417988521907569e-01
8.002103122987264117e-01 1.686039979984561288e-01
2.925218083859508322e+00 -7.021660971955878683e-01
4.264836454128708709e+00 -1.492436009707986289e+00
-2.616833317800485226e+00 2.192296326529469930e+00
8.235374427049622525e+00 -2.962487092592013926e+00
-1.557928197193370501e+00 1.386576996549469643e+00
2.325633419171079019e+00 -6.320905193461681115e-01
9.863549904271247115e-01 -3.560719474324661737e-01
9.392699027103358356e-01 6.973574912494127087e-01
-6.953743762473248324e+00 3.088650516553282266e+00
8.907848166457795758e-01 -6.380499106197632386e-01
4.006123739559749097e+00 -6.560277966018106532e-01
-1.176401467792467592e+01 5.237953959462777753e+00
-2.990184582090027021e+00 2.650279294151653975e+00
2.914735059322060451e+00 -7.511600078157700811e-01
6.615264772048732311e+00 -2.530769245969213266e+00
-4.061318677696620583e+00 2.562159614460207013e+00
-3.918707804974161935e+00 1.766599568889830163e+00
-2.423340774482621196e+00 1.930279859167234546e+00
-3.596885749882885897e+00 3.052972630861719328e+00
-1.285751106464588789e-01 8.621439264983652428e-01
-3.233727295468209029e+00 7.466990949166465441e-01
-4.901246947542297505e+00 2.373171657706795834e+00
-2.241846920631213269e+00 5.967558089289453083e-01
6.409820827299149926e+00 -1.465272336928675756e+00
3.816446785790031271e+00 -7.956891169094066907e-01
-9.161827264681670968e+00 3.503494926646590013e+00
-1.654595006908715638e-01 -9.466574423905416147e-02
9.937239479663762864e+00 -2.967212935046174227e+00
3.318583252622953506e+00 -4.865972890367308290e-01
3.370649827635087359e+00 -2.231314533159668434e-01
-4.157718733968854607e+00 2.935120852050865370e+00
3.003966784117559019e+00 -6.631898372699256416e-01
-4.588194052738426620e+00 2.092229213072508642e+00
-6.259201157167977314e-01 9.799740942790520215e-01
-2.599915745349628438e+00 1.826881987347829472e+00
4.383076253619886398e-01 3.979893903765913121e-01
-4.407309098397290015e+00 1.814759752113954905e+00
3.958373624391673395e+00 -4.983414237048781059e-01
6.465774352141535175e+00 -2.240221370145347279e+00
8.269372497974542213e+00 -3.994561074451679517e+00
-2.646168410720392217e+00 2.088201090510309221e+00
2.779695809556458119e+00 -5.050351270238448986e-01
-4.374859338793524177e-01 4.086331424386822619e-01
-9.450745111426176237e+00 3.962630203417703889e+00
-7.865126707862440725e+00 3.138319018456481757e+00
1.058704901657723241e+00 -5.883145458613225909e-02
-8.375235062972608002e-01 1.142480423210614049e+00
-5.661325036496986929e-01 8.255008895316828799e-01
1.393032402288750937e+01 -4.253459088744659056e+00
-3.591000457440691740e+00 1.451417917391145007e+00
-6.858769448807455760e+00 2.988487084089847201e+00
1.115719937653962823e+00 -5.311612622593199218e-01
5.404147838675152471e+00 -6.457573425408955625e-01
-2.290714507073572381e-01 1.661163525966598553e-01
3.855093828487899721e+00 3.578644063655588292e-01
-4.895286995594315016e+00 2.966904274973274802e+00
-9.699596306914117783e-01 1.653138472041148777e-01
-5.426091927288048566e+00 2.152714805776640095e+00
-1.713296261135639931e+00 8.979595562942014331e-01
-6.931170691762465808e+00 3.047742403651691578e+00
5.075184572162072527e-01 6.557935580685523291e-01
1.613075351314643857e+00 -3.045010729555137630e-01
8.682474088602238904e-01 -3.438502828176287496e-01
-1.486668140969856111e+00 1.196126291351581994e+00
4.434412725422964385e+00 2.130668747279878539e-01
9.320018439097463414e+00 -3.341936115300669474e+00
1.458885075570084844e+00 5.578466241947912518e-01
-1.521047218786550737e+01 6.132931248030394578e+00
-8.661485505145311237e+00 3.320569194371540966e+00
5.733249644519183841e-02 3.877785618335736206e-01
4.034433722852370785e+00 -1.531023749088762154e+00
7.110986817287983541e+00 -3.376878816649564463e+00
8.180112345171027144e+00 -3.862542516765715916e+00
-4.660314164178316787e+00 3.820809509904592893e+00
2.455504089468240725e+00 -8.556732505930133570e-01
1.405191146572132954e+00 -1.211837426469100087e-01
-5.441550155580271664e+00 2.944662414592645217e+00
2.633035420801157489e+00 -6.707437012255645925e-01
7.759866907812051906e+00 -1.282092432196719090e+00
-6.894554238914691879e-01 -2.517565651992621500e-01
4.014065698243586056e+00 -1.814727572172197601e+00
6.913974095926405994e+00 -1.819378008785363487e+00
