4.314016897840615705e-01 9.095718168537031412e-01
7.144039414024996759e+00 -7.921313397226530384e+00
-7.921313397226530384e+00 2.362190639624469668e+01
3.311561210235602459e+00 -2.570861471541249887e+00
-1.531759422171101281e+00 1.518837272644213776e+01
6.660572321987205058e+00 -7.375140968594993574e+00
-1.602090711175406801e-01 5.830205418859542021e-01
-1.685222916550405348e+00 2.094812932053126797e+00
-4.384026500132009119e+00 1.088833493702181521e+01
-5.058520228378272421e+00 1.275777282266854229e+01
-2.148464043281946623e+00 9.035297338866520533e+00
2.746833844574475769e+00 -3.514232284169121368e+00
1.013225053109252816e+00 6.895163947970119445e+00
-1.089816924574882329e+00 2.360443124099270040e+00
-3.777141962649709361e-01 -1.576105981007173140e-01
1.100943299133930076e+00 3.621770982868204314e+00
6.880776546399423044e-01 -7.514633905446769013e+00
-3.592194629820466556e-03 2.779556589297589309e+00
-3.830735202621740942e+00 6.594691546499539037e+00
-6.649995347111087085e+00 -1.865541366635381504e+00
2.539223143549729667e+00 -1.819897499867481727e+00
-3.008919113358687447e+00 1.226643268609485382e+01
3.833613805906404437e+00 -8.569332398095106385e+00
-9.555763413928342054e-02 4.988902796314846455e+00
4.086535013159092955e+00 -3.987612380551531555e+00
2.233602304880776046e+00 2.487206269441731177e+00
3.505432786983257998e+00 -1.432221377889844938e+00
-2.911495191854775566e+00 4.755826270513637155e+00
7.948495342502381877e-02 -2.887479844786657424e+00
-2.952011282509487966e+00 1.089805518183756661e+01
-2.238717005634745405e+00 -1.957672009271110847e-01
3.066724144432371624e+00 -6.147864365883805027e-01
-3.601799240460556550e+00 1.178273969502415319e+01
6.061320010566042527e-01 1.754695579080159495e+00
-6.586855909220794558e-01 3.786275902254670811e+00
-2.436666532617097314e+00 -1.112266076551426952e-02
2.595722205281365991e+00 -3.032418124536135906e+00
-3.408961340859600675e+00 6.318320783833765830e+00
2.799886530916349425e+00 -1.628742643681214464e+00
-1.592045914147445007e+00 7.087340966739497095e-02
5.765295900760976089e-01 8.156912628202628301e-02
-3.128860614937998275e-01 5.243108102454577590e+00
3.314918427043116900e+00 -3.129585064459433408e+00
1.638128249774370326e+00 -3.865140128166236533e+00
6.141078563688378011e-01 -2.654949349257027080e+00
-1.664180031394755677e+00 8.036629819889745008e+00
-1.444903416644509164e+00 3.203771803643234328e+00
1.203534453618668509e+00 8.084303104372043691e+00
2.438636535029661268e+00 -1.584958205663548725e+00
-2.579212337751191519e+00 2.907425236417127135e+00
2.274043519668305979e+00 -1.808674772702237643e+00
-1.902369241871311623e+00 1.701739370047752109e+00
-1.634554411166486254e+00 5.397352039138040070e+00
-3.053088796475661670e+00 9.031232348523275277e+00
-2.025862940371653931e+00 3.855533014582933404e+00
-2.733368658555650477e-01 2.185752995688870826e+00
1.379723988995482209e+00 2.253338374096126806e+00
-2.201433872190367014e-01 -2.744286289219344699e+00
-1.404065676705839261e+00 -2.033601857624105058e+00
2.782717174043687902e-01 -7.217594820876777284e+00
9.191751560306680169e-01 2.429456480036660704e+00
4.114534712499779090e+00 -2.295238142070556542e+00
2.184449691721125630e-01 -1.862391095598763258e+00
-3.737245199425084374e-01 3.638843959035508391e+00
2.249022633115524528e+00 -1.707662667350066776e+00
-1.505224888312123532e+00 6.625133428139820424e+00
3.868252065491552649e+00 -1.104164207876496384e+00
-1.484225094701490777e+00 4.531697845396739588e+00
2.846534634185193369e+00 -4.802636189458179494e+00
6.282920250382289851e+00 -3.959956921422957077e+00
-1.964997176410729907e+00 8.200711737587003114e+00
7.070625479675797465e+00 -1.259663388151910901e+01
2.900261045537354754e+00 -3.826323362256196514e+00
-6.492827815488073639e-01 2.047536852169722810e+00
1.433560956328943314e+00 2.490674492706463017e+00
-2.223210491849429093e+00 9.640414745081155701e+00
-3.144753396266089407e+00 2.644610481033270677e+00
1.629892067439044023e+00 -3.433620218599802154e+00
5.358489283135606129e+00 -3.374079991115572330e+00
2.590405432657946427e+00 -3.043447922030444897e+00
4.827472836590361638e+00 -9.471655937606646702e+00
1.786196363160441614e-02 5.675102170084444175e+00
9.715583234658142775e-01 -3.738273112857612990e+00
7.113825178104880020e-01 -4.834134475140538179e+00
7.852079507800231450e-01 9.457235619053566467e+00
3.569853881999089484e+00 1.709710317522707745e+00
1.281725817911250065e+00 -2.224069660284829775e-01
1.602717089919860838e+00 -7.814443267881202582e-01
-1.470931077476025362e+00 3.027123797538635142e+00
6.239419329941151560e-01 -3.262318633798418244e+00
3.643077633645127822e+00 3.178239601072483822e+00
-1.670148364847713340e-01 2.862258445085855696e-01
1.579164200686846264e+00 -2.025059819822969231e+00
2.438690864981054585e+00 5.946369032310829805e-01
-2.931716350357170597e+00 2.872287203532824407e+00
-2.373317107971352868e+00 1.321026973367518309e+01
1.611478866172425528e-01 -1.030385485591763128e+00
8.445456960127999402e-01 5.416051005481652858e+00
-1.414453464768182789e+00 -1.069126754601793738e+00
2.704795159984740849e+00 -2.348709692387329628e+00
-3.519433156660670914e+00 5.823754857527657869e+00
1.076306588754956106e+00 2.498972802326943743e+00
-4.800349670355636977e-01 -2.386250788528953670e+00
