3.099361855405874389e-01 5.571062822758747757e-01
3.066171590017114479e+00 -4.479573789419791119e+00
-4.479573789419791119e+00 2.143473559267366468e+01
-7.589114949628618101e-01 5.725092047920891325e+00
-3.638744265966096236e-01 -6.624155034465852410e+00
-3.024273198102320315e+00 6.164311140544820766e+00
-7.157427208227978843e-01 -5.650533529068439975e+00
-1.948848502789008563e+00 4.491317652340633515e+00
1.756384244963715702e+00 -6.776629529980634281e+00
-1.919215179336104082e+00 7.320857525994984627e+00
3.124929486330192407e+00 1.137222259115638456e+00
1.738128038756249438e+00 5.527127939989526340e+00
-1.717823987167798716e+00 3.197680491664697033e+00
2.096177490477182825e+00 -2.256994305059209172e+00
4.013651765466477728e-01 2.750628290387174602e+00
1.190424665748342770e-01 -1.290087497023980623e-01
3.095357877521182077e-01 -5.124923784487594780e+00
1.842358703802791542e+00 -1.643036373208502932e-01
1.186219450231761063e-01 3.680483409947997497e+00
2.110787535121067648e+00 -3.418955888007928934e+00
-1.175062361389835885e+00 1.548197694681451742e+00
5.301857144753248097e-01 1.219225738768851652e+00
1.692291222902535974e+00 -8.509571229129246461e+00
-1.626804413445653186e+00 -8.506282778873763828e-01
-1.834036411534725630e+00 3.024282531580564370e+00
-1.463281864686269085e+00 7.864488714306881789e+00
-4.173689796811235198e+00 1.094552417091596119e+01
1.491339396783751603e+00 -4.659222194540617590e-01
1.415794874278476279e+00 -7.763448758305573350e+00
3.049827750288215178e+00 -4.474619551534240181e-01
4.130204017307936848e-01 -1.354351667777516699e+00
-4.099819384211191853e-01 9.655645695075210089e-02
4.567773405865798164e-01 1.108079753088758723e-01
-4.738176039516051041e-02 3.373091220528862122e-01
8.668127503303152404e-02 -1.515098397105404171e+00
6.904072906116566211e-01 9.562100937134628609e+00
-1.185312893335062623e-01 6.113877796163421863e+00
8.331855780114136301e-02 2.356721485213224998e+00
-6.209729455009563859e-01 -5.385297546625464893e-01
-1.695307848848131460e+00 5.863807134849628788e+00
2.174215067211894947e+00 -2.639591624417362503e+00
1.163687494990232274e+00 7.664661137466934449e+00
-2.762512424797117117e+00 1.622023871739701084e+00
1.421026777870986191e+00 -3.030741710028257430e+00
-1.225299446500478506e+00 6.038176357930258753e+00
-2.638160727032022645e+00 7.008618785237371362e+00
-1.887698557157136303e+00 7.499474403272021306e+00
-1.607914900418774717e+00 1.933819563984924828e-01
2.417552130829281332e+00 3.463421354779007699e-01
3.202849855865610995e-01 -1.364883336474706166e+00
-1.507418587425020107e+00 9.479337294698515493e-01
-5.455634206916062379e-01 1.737174663957296472e+00
-6.162205684409760575e-01 2.773569207471731968e+00
-6.943749656554466521e-01 5.523202732847937391e+00
-1.196298900545619048e+00 7.404702438663683495e+00
7.493343275582303731e-01 -1.626430952127716267e+00
5.700098444506900286e-01 -3.785552729671896266e+00
-7.389306961054170619e-02 5.003175277645675934e+00
2.024062243258190730e+00 -3.683344122665733522e+00
-1.928288557045244378e+00 -3.879037947701839961e-01
-4.041356629986823101e-01 3.372580297123256576e-01
-4.450288529285434391e-01 3.749830961646465344e+00
-1.453528647289734188e+00 4.084805210030069134e+00
5.043981223913198697e-01 6.843003004561087899e-03
1.731547030449753333e+00 1.128021193375639442e+00
1.007294723319828833e+00 -1.097293606919781395e-01
-1.579174759748795065e+00 6.841580831101970794e+00
4.065155441609841769e-01 1.009067545133173205e-01
7.199654966872734985e-01 1.485293806056947830e+00
-3.106070510611395052e-01 2.054710210388360103e+00
1.660996549605509021e+00 -3.794432967877662932e+00
-1.342545036578554729e+00 2.905487752732074380e+00
2.068123320511239704e+00 -1.957920869671118780e+00
2.297942241726071089e+00 1.197626204107023362e+00
-5.093633768034782072e-01 -1.047499664183746404e-01
-1.146787417058662495e+00 4.144935385040620091e+00
5.362842324951397899e-01 1.682850861035795065e+00
1.171720646366868568e+00 4.024270444448538875e+00
-3.492749611647651964e-01 6.270524337305086071e+00
-1.938676784102013606e-01 3.995625726556056190e+00
1.365519604331784098e+00 -4.734410240020491933e+00
1.101945272821991839e+00 6.152029174202391815e+00
6.504129839067822605e-01 8.178955102537109667e+00
-2.749674078297485114e+00 1.158299331820299649e+01
7.481908602197957503e-01 3.995197665138136234e+00
-1.519916231907809667e+00 1.874616689725409957e+00
-2.219346700517698112e-01 8.965549936184729063e-01
8.450832245853628910e-02 1.325326601630850476e+00
-4.791020419712966882e-01 6.723967637266467179e+00
-7.414045121435187680e-01 -2.877774630286745738e-01
2.422648924733930009e+00 -9.898644800460216331e+00
1.238633299472998495e+00 2.469647771856193330e+00
1.914404171547473332e+00 -4.619077226638390599e-02
3.368255604416974691e+00 -1.270391223423373406e+00
1.156777966590789575e+00 -6.575950997831050415e+00
-2.765745021770999124e+00 2.857212807187287762e+00
2.162614860043966747e+00 -3.856923308798898553e+00
-2.988050252986650612e+00 3.422545880164370669e+00
3.141149250507207391e+00 -5.685307184804845093e+00
9.927287668786398678e-01 -1.345945285379245293e-01
-7.602843078502276031e-01 -7.289925158485195400e-01
1.266578957270422467e+00 -1.297985545846793487e+00
1.297806396880528679e+00 6.181345622596330358e+00
