3.431801701702615892e-01 8.149586124858574365e-01
1.848185949536475547e+01 -1.030550068419189103e+01
-1.030550068419189103e+01 3.129141782224739998e+01
1.545278916619828635e+00 -5.129850584809616976e+00
9.782304482791559508e+00 -2.527539799117723529e+00
7.897852764378939128e+00 -2.603121492120308300e+00
-5.983105045201604355e-01 -3.540400514634132634e+00
6.310285896505867242e+00 -1.767373671236934118e+00
1.996086640945343937e+00 3.083632369914791838e+00
-4.447699251173843571e+00 7.663771953098557077e+00
5.997957943026820615e+00 8.355056634586528475e-01
-7.971046591428120998e+00 1.042317896113658549e+01
-2.967867795488467131e+00 1.587422692660795276e+00
-2.399494962629137307e-01 5.313527132141173226e+00
5.532277650564896732e+00 2.303500908003041303e+00
6.763576005706267047e+00 -4.023521228915958758e+00
7.593696700431777913e-01 -1.170992841985864619e+00
-5.121643546447292472e+00 1.427882616186141362e+01
2.221222238429963802e+00 1.239208339378431845e+01
-2.121767256929000034e+00 1.267078072860664983e+00
4.299571833909903162e+00 4.193471252877640221e-01
-5.304059132126659470e+00 1.890798917606695717e+00
4.120766628075751115e+00 5.497434846191465496e+00
1.275438311046953377e+00 4.507542707861071918e+00
1.728154572345830697e+00 -1.376949372266812688e+01
-3.006213874553332666e+00 -7.348322247293345377e+00
4.754478359710812008e+00 -4.386303353218896639e-01
-6.437880952408240098e+00 7.141125287043338155e+00
3.121573483026308438e+00 -8.549123723699967314e+00
1.227203825501070966e+01 -5.471956285507237894e+00
3.743967292938515379e-01 6.281144886595575905e+00
4.529943748911956725e+00 -1.119781484942842553e+01
6.742939559272839389e+00 -3.992220731722356142e+00
-9.234935477303055640e-01 7.815003936205107138e+00
2.684369125483287433e-01 1.798772330564772037e+00
-6.189468011462462727e+00 6.192546586954238208e+00
-6.297417509874909669e+00 -1.869475902816410517e+00
5.967055202579361506e+00 1.718324762920730109e+00
-8.477763455918337909e-01 5.688970125531118249e+00
-6.784702109415703397e+00 9.435333260411798761e+00
-1.402996997295969717e+00 -3.251627506487597685e-01
5.859854677499031439e+00 1.507996309856548756e+00
4.222541671532235696e+00 -3.063755362476729083e+00
-7.914744701849838471e+00 7.574122864921475795e+00
-8.781654831820518980e-01 -2.459687010940821317e+00
4.679472742792326834e+00 -1.315563220612805839e+00
-4.133353391473570948e-01 -3.113045871309222168e+00
4.494151908265236472e-01 -7.394065404083529636e-01
-1.217676613575823907e+00 8.654496579925213595e+00
-7.637813966441709290e+00 -2.248524914880959624e+00
1.847336143558575561e+00 7.233426917690226610e+00
3.581470353198772827e+00 -2.936690436557400030e+00
-4.267214990157517818e+00 6.734070704559513842e+00
-3.564805679106702652e+00 4.908763044565519706e+00
5.919886779765509921e+00 -2.360726346093411365e+00
-3.588433397642931677e-02 4.592794011646151198e+00
-8.578260578991069307e-01 -4.654497078037181268e+00
-5.148660863449896041e+00 1.383772961941967949e+01
-2.521879480416183483e+00 3.204015647654113730e-01
-9.564729203314011885e-01 -2.099105023301442330e+00
-9.960430623844106490e-01 3.491877642009270311e+00
-1.109408450408495117e+00 4.933931439592707413e+00
3.083351941883669234e+00 -5.986339418039485771e-01
7.209456993635568800e+00 -2.309117797977830122e+00
-4.191137715167572608e+00 2.849508781683752101e+00
-2.123734847003935222e+00 -3.185017459583765476e+00
-2.239205251623522130e+00 -1.620013375806895750e-01
4.792586563024801904e+00 -5.204554782587502260e+00
3.300184242273280333e+00 -8.661891042889450887e+00
-6.891961583120103541e+00 7.111226844592610341e+00
5.212083756393501410e+00 -9.161151348019824781e+00
-2.836197010090081516e+00 -4.060368258634990291e+00
3.912999204104941953e+00 -5.387360360211359556e+00
5.998407228491901222e+00 -4.820287009114341714e+00
6.785061539746647163e+00 -3.098279344729288898e+00
2.716352203517056640e+00 6.394407050482421306e-01
1.081577205293611010e+00 -3.794782208483655772e+00
7.637351194143955802e+00 -1.639679276492364224e+00
1.527996578620820944e+00 4.062952382828743936e+00
-3.780742208625357481e+00 8.644240998100940487e+00
-3.404457118164091467e-01 3.303946388210723395e+00
-3.624602159450491801e+00 2.300199160179441815e+00
-4.507106204265205918e+00 -3.678571715688572219e-01
-3.731125138861625334e+00 -3.643638788636969217e+00
4.511428254566095752e+00 -3.261094854856451342e+00
1.481604883212292112e+00 2.114132462578759419e+00
3.916266560735607083e+00 -3.914196183298185083e+00
-3.955539911775267203e+00 -9.104012611350114081e-01
1.765400083321730484e+00 -1.312455730361000406e+01
7.650238333291010662e-01 -9.603544590923818181e-01
-8.601281062381495035e-01 5.812512244329647970e+00
7.442043496112894729e+00 9.652281873363723896e-01
-2.052442616783461737e+00 7.095647832752889350e+00
-5.405509112727511223e-01 -5.987168178051200940e-01
4.527448770035116254e+00 4.887375252423722394e+00
2.420228917576020267e-01 4.781257129167755693e+00
-5.724916023580267854e+00 -2.979004354326158399e+00
3.438641613088898819e+00 3.635450999185894538e+00
-6.227437509255877579e+00 1.238696941158797671e+01
3.782857260556097834e-01 -8.481150638363599281e-01
-4.091710147013902343e+00 -5.805020465418104791e+00
-4.043541370975381355e+00 8.626805261667945146e+00
6.020273979019609811e+00 3.043017187620290720e+00
