6.239273505473635906e-01 6.823783037184838474e-02
6.347930527526711053e+00 -6.311694786387684886e+00
-6.311694786387684886e+00 1.291490423474673577e+01
7.184444452074532084e-01 2.366857131906542566e+00
1.438646260363410256e+00 -1.464729842537911608e+00
5.049399500048992628e+00 -4.114424335380316933e+00
-3.613959823094266000e+00 6.040511575231617414e+00
-2.212731077908929311e+00 2.484352225097288258e+00
3.584719630337837248e+00 -2.749167671717466233e-01
-1.411901194265675397e+00 8.101815595269740156e-01
-2.712004700189094120e+00 3.403283360515451328e+00
2.901739771479140639e+00 -9.187788028253975892e-01
-6.900168938314975575e-01 4.971283159957783915e-01
-5.892569512743427440e-01 7.741736793986594423e-01
-4.986553770444067668e-01 2.966489727977501545e+00
-3.721438711382607512e-02 -1.508748126952456303e+00
-1.846062938816939170e+00 3.117196227185285995e+00
-3.280059435053824801e-01 -1.379090906814607553e+00
3.444637809308759735e+00 -1.694651340378086957e+00
-3.819217646509752484e+00 6.440119950879025446e+00
-2.057698705657074800e+00 2.255281627361104491e+00
1.938178113314429130e+00 -1.316398460007589311e+00
4.259958739782492287e+00 2.733789285364643940e-01
-2.437441312826216233e-01 -2.896614966212083697e+00
2.358283717911498822e+00 -1.198512587876480739e-01
1.777930438958019721e+00 -4.508033759257987327e+00
-2.212140432285900626e-01 2.118686987765853846e+00
2.301547774353553066e+00 2.004675859087491130e+00
2.565116832374934930e+00 -3.826369486045194668e-01
8.249575728474354275e-01 -7.990478595700071240e-01
1.626846521098994636e+00 -4.799977523166315763e+00
4.716018165804125584e-01 -7.454943762946910635e-01
2.385365090015820311e+00 -1.611130952421835349e+00
2.229539471010652640e+00 7.952835844235220941e-01
-4.542952536488858328e+00 8.210674456683909384e+00
8.517716306818821081e-01 -2.380832163156416104e-01
-3.586719405493804302e+00 7.008560060431670458e+00
1.553903288949410655e+00 3.750302204620433066e+00
4.951508454983323482e+00 -9.291927030949615585e+00
-1.917985196703118511e+00 2.254114612859511535e+00
-2.305616826308033662e+00 7.365548105683212832e+00
1.414393204629898371e+00 -2.639469203644408513e+00
1.688464421493356848e+00 -2.184075914858378820e+00
1.674941647682380630e+00 -2.390275491051274681e-01
1.447488557128617792e+00 -4.229767069945772340e-01
1.682899884103455701e+00 -1.171920936233054267e+00
2.083644388254086710e-01 2.426893935546893033e+00
4.097192655341954648e+00 -5.331819850144063899e+00
3.666842245297828207e+00 2.576956159524895762e-01
-1.610628448039566507e+00 -4.484523522688477204e-01
2.687674010566330374e+00 -6.932398417152527137e-02
6.351033842949304065e-01 1.717769940084823865e+00
1.451382961238106617e+00 -2.966134069181520339e+00
3.564447643861051951e+00 -4.718228631335764645e-01
2.175293843411306494e+00 -4.869724008953321137e-01
3.890134600642750851e+00 -3.388023942356993334e+00
7.860303392573164238e+00 -4.129427783419102660e+00
2.006534690484082173e+00 -1.403298423407959850e-01
-4.132625776920352045e+00 2.308037947301206483e+00
-1.957671249231093924e+00 3.181414790261668291e+00
2.360761671233114978e+00 4.049786363440693648e+00
-4.063480888766002330e+00 1.726617146582175577e-01
4.342578980295042079e+00 -2.359566307445857269e+00
1.087376303693097013e+00 2.688513121000382089e+00
3.184818109300516120e+00 -1.332844508025633257e+00
4.637409457494460208e-01 -1.721477836980412679e+00
-1.113900403961392005e-01 -6.019876326442661352e-01
5.493989058155963612e+00 -6.579359251227552718e+00
1.927395107558227405e+00 -4.476171141974861989e+00
-2.123658127585539290e-01 1.488786236604662694e+00
6.628989667055404933e-01 -1.824422902393787460e+00
1.508148346234755799e+00 2.708903362409130988e+00
-9.705545385754706933e-01 4.296282673493697857e+00
-1.496837572535718586e+00 7.786263694078815467e-01
-8.445440067847943544e-01 3.932002817367440617e+00
-7.898607772307532082e-01 4.931949439154332260e-01
3.951987764973605710e+00 -6.236753582711300758e+00
3.635260126988836937e+00 -5.642587609291939366e+00
-3.728292746683972148e+00 1.011272288134701824e+00
2.553400267134249724e+00 -3.728650958250311565e+00
1.512118102334755410e+00 -5.069238550832453782e+00
3.034758289440813162e+00 -1.693294648956876536e+00
6.331173325682287079e+00 -3.143218150288628276e+00
3.603939380379031387e+00 -9.491493377933734044e-01
-2.751417744770231710e+00 6.388079563083580936e+00
2.860862820033731158e+00 -3.108126520305660723e+00
1.965665073275454366e-01 -2.428174159351819572e+00
1.757518242030524203e+00 -4.176483723030048445e+00
-2.485658932441924041e+00 5.492182355140994510e+00
5.012346561156881819e+00 -7.326323092942185866e+00
3.742731758452804147e-01 3.519715880775484695e+00
2.764975840602839963e+00 -3.075363226874856082e+00
1.559654193528498656e+00 -1.044358613301719085e+00
-5.618598013419350279e-01 -3.515344448864567539e+00
-2.094324349376468941e+00 2.542484754300647243e+00
5.012365479914435262e+00 -2.859466466857808697e+00
2.691975348153595959e+00 -2.556321024254360363e+00
1.174336576749166472e+00 -8.811150327216513145e-02
5.243011337580366416e+00 -7.460837546176588120e+00
2.456207094152277892e-01 2.809578377877555155e+00
1.149502246777506453e+00 1.320622985721538356e+00
2.103544200803684761e-01 -4.408952119840656714e+00
-1.085077135785665003e+00 -1.561235871129397434e+00
