4.513476363312796114e-01 7.840479327777560847e-02
3.217588835027345162e-01 -1.784133890509400633e+00
-1.784133890509400633e+00 2.855465736395116494e+01
4.609523106607454901e-01 2.090844438104491054e+00
1.071109887730856247e+00 3.511642704687800709e-02
4.815952235811834514e-01 7.125034691107236640e+00
9.955212216269238024e-02 -3.710963043285167018e-01
-6.445275477274559073e-02 1.796224094570345819e+00
-1.664464352163671501e-01 2.553187088805714211e+00
2.261334383616931676e-01 3.337981825271354452e+00
1.820012248329727078e-01 6.912699076145683463e+00
4.882758317151288940e-01 4.716863072280608193e+00
4.816559061208721682e-01 -1.914372582525897259e+00
9.492032659605451617e-01 1.078882525847503437e+01
9.767084947715030108e-01 6.582069976295795044e+00
8.698120493020959909e-01 -3.450293589474186184e+00
4.848237827357955720e-01 3.249309589678319732e+00
2.122607636794796360e+00 -1.286633125426263957e+00
1.444480965970529329e+00 2.137355787855256040e+00
-3.871346096237845424e-01 5.260140537879633094e+00
3.595097741891399856e-01 -1.156345479868686188e-01
2.711300538060811283e-01 -6.878026783634474950e-02
8.105591124447644180e-01 7.931001364709321599e+00
1.256387800904767094e+00 -6.018092017497735924e-01
3.462602279690655260e-01 4.497886636849721120e-02
1.070385078357542152e+00 -1.815357148767269835e-01
-3.392093224350989367e-02 1.221293898041256121e+01
1.541433752704789439e-01 6.258929265046376145e+00
1.275046958819794352e+00 1.452049121962987410e+00
2.071066082336544767e+00 -1.066471333357003459e+01
4.503530551376283553e-01 3.134031768949390617e+00
7.889758980405365829e-01 5.221606665140733128e+00
7.943019781549021108e-01 -1.067987424839546051e+01
5.042458935433208334e-02 -4.140319327865641164e+00
1.230924441703696193e+00 -2.437549494051652887e-01
5.717854035852230066e-01 1.277129167557062850e+00
9.449827782855588776e-01 -9.075965446453823304e+00
4.308774580348038730e-01 5.039161664688299958e+00
6.178740385819656566e-01 -4.870072555126404801e+00
1.631563933481335882e-01 4.192143731555099118e-01
3.587933238626930255e-01 -9.579865111828853586e-01
1.244098831240150194e+00 1.046549084522354622e+00
6.567430125512900840e-01 4.386307121791603869e+00
2.857883065273295609e-01 1.013992389179361275e+01
1.212440416465275783e-01 -4.600159239406195866e+00
1.116782276556591569e+00 4.553962363490760001e-02
1.596375765317981754e+00 -5.359457430701881187e+00
-1.424907695957290388e-01 2.098621455843613925e-01
-4.988931816264275954e-01 1.001043565796267920e+01
1.252688709089958330e+00 -4.074851851000516945e+00
1.046338950751569130e-01 -3.384022810260043923e-01
-2.235938937588420883e-01 9.859618498258151398e-01
2.392719833263259321e-01 4.462314936361296169e+00
6.743424590541210462e-01 -9.877722250319106223e+00
1.776815651618729230e+00 -1.196372865158630994e+01
1.277680284323612803e+00 -8.087042839358858259e+00
7.307443406475516712e-02 -1.724262132239470224e+00
4.872569619680355846e-01 -6.220779739875730741e+00
-1.831437484117970360e-02 3.248148409640029932e+00
7.188420646207324127e-01 -1.147048432729200096e+00
1.363462949787173528e+00 -6.908309700263522757e+00
-2.169422682998195517e-02 1.174871376606802009e+01
3.735827133628227825e-01 -2.489123350684318225e+00
7.500730573536960044e-01 -1.251230691482268398e+00
1.386777167376036290e+00 -1.196698213837224145e+01
7.211399044777342393e-01 -4.305166903603296014e+00
1.486238680957135072e+00 -5.583916735040857837e+00
-6.321490515931351695e-01 4.429308985188773917e+00
1.722628087687625209e+00 -5.909819074941746742e+00
1.127874316367010188e+00 -5.496811627758906305e+00
6.870806395514488241e-01 1.097042101498323818e+00
6.143397692275587296e-02 -8.462534142733840525e+00
8.981518848951153267e-01 -4.373582703993387888e+00
2.519023021106597815e-01 -5.995376535061907042e+00
-6.603162043692201166e-02 6.235069621496064585e+00
8.758646179497447948e-01 -3.462401077245552017e+00
3.986877721376085315e-01 -1.001118249920030756e+01
1.369140867658453331e+00 3.071990209539615657e-01
-5.698470463823768206e-02 6.806609902364546549e+00
1.182416428374559736e+00 -4.959407283702279123e+00
2.512411998535558633e-01 4.897994761764606686e+00
7.680914937888223548e-01 -2.461841152990649206e+00
1.489319262273310462e+00 -4.734401307425227579e+00
3.320960345196520280e-01 -1.993012114508764254e+00
4.826940652559047473e-01 1.547314703421162729e+00
1.209967111648092120e+00 -4.198575956374058116e+00
1.260436019339820302e+00 -1.096169545863861172e+00
6.259720370970042191e-01 -2.809981029716639434e+00
1.034842294135521534e+00 -6.378013790533629823e+00
7.089849330850142017e-01 -8.323827851554005397e-01
-2.412928271628002053e-01 2.636135330483800887e-01
4.151432452811381624e-01 -3.510493398386172359e+00
-2.885972268419645381e-02 4.529497951726068727e+00
6.979485772927996878e-01 -1.000618444132805207e+00
-2.066412670325464829e-01 5.823471824030998611e+00
3.714982917165222664e-01 -1.702896636583274725e+00
2.637872524148608400e-01 -8.448160008207086236e-01
1.575248703846351184e+00 -1.830816654179899361e+00
-8.679732684739613902e-01 5.752809000172596221e+00
-9.205940073721485817e-02 5.466630266150314554e+00
7.942977563754067827e-01 -5.747780672116785006e+00
9.820654750460009463e-01 -5.828360110102411840e-01
4.604298685901790922e-01 1.641578422468604304e+00
