-1.633232763078367844e+00 -6.643562435651805265e-01 0.000000000000000000e+00
-9.873309195292789830e-01 -1.337771568963830759e+00 0.000000000000000000e+00
8.504324082978735877e-01 5.957581100759737902e-01 1.000000000000000000e+00
-7.883770435348174122e-01 -1.172430568743057178e+00 0.000000000000000000e+00
5.627700675273260567e-01 -6.346928108741135555e-01 0.000000000000000000e+00
-1.320282547994414024e+00 2.513703912415302888e+00 1.000000000000000000e+00
-1.190129945144437817e+00 1.231062889856234133e+00 1.000000000000000000e+00
-4.020923380221017029e-01 5.593378476093886498e-01 1.000000000000000000e+00
1.001411227400548887e+00 -2.471212292281166623e-01 1.000000000000000000e+00
1.319951687177053801e+00 -1.427668276482187415e-01 1.000000000000000000e+00
-1.029158147679410495e+00 1.198454461508640545e+00 1.000000000000000000e+00
1.005192079680616302e-01 1.064023669596120408e-01 1.000000000000000000e+00
-6.666114854136183654e-01 9.354813799625756598e-02 0.000000000000000000e+00
-3.523258333247352714e-01 1.634848890562644153e+00 1.000000000000000000e+00
3.638143656769647349e-01 1.308117531585167415e+00 1.000000000000000000e+00
2.525251971220252578e-01 1.079204245044062205e+00 1.000000000000000000e+00
6.217457579783597366e-01 1.573422021946828453e+00 1.000000000000000000e+00
-1.098847454037666926e+00 4.931401019739183322e-01 0.000000000000000000e+00
-1.057360605705837342e+00 -9.361752199454749235e-01 0.000000000000000000e+00
4.605498350059540336e-01 6.005734919695662200e-01 1.000000000000000000e+00
-6.963054811491244944e-01 1.216383279636183090e+00 1.000000000000000000e+00
1.748496327811676521e+00 -2.405305016814858476e-01 1.000000000000000000e+00
2.665061730155307451e+00 -3.516633956665127791e-01 1.000000000000000000e+00
4.314065849179393175e-01 -1.173156300363637605e+00 0.000000000000000000e+00
-6.443159464450638474e-01 1.216627448476785833e+00 1.000000000000000000e+00
-3.754027126739841180e-01 -1.730149067851583788e-01 0.000000000000000000e+00
7.409892612933528799e-02 -1.059802316097590902e+00 0.000000000000000000e+00
2.934122017936350857e-01 1.019429121517242853e+00 1.000000000000000000e+00
2.800454639375631327e-01 -9.761044291066784950e-01 0.000000000000000000e+00
-6.951843769520235639e-02 1.265327642438213440e-01 1.000000000000000000e+00
-5.621434378968342971e-01 -8.163509875388158532e-02 0.000000000000000000e+00
-6.035900078466452934e-01 2.519204238573186094e-01 0.000000000000000000e+00
1.447504333992961856e+00 5.553644826315395217e-02 1.000000000000000000e+00
-1.372743339148664088e+00 -5.428821121846646447e-01 0.000000000000000000e+00
-8.892071957816934935e-01 -7.115135685408531252e-01 0.000000000000000000e+00
-5.343807813101151410e-02 2.098613494962260795e+00 1.000000000000000000e+00
1.282762969207117132e-01 6.791449940323123213e-01 1.000000000000000000e+00
1.218615541884330078e+00 1.310102782371524333e+00 1.000000000000000000e+00
6.921344996783852788e-02 2.574895742725489267e+00 1.000000000000000000e+00
-5.839203153920109468e-01 -1.248007868354277683e+00 0.000000000000000000e+00
2.374258895985223161e-01 -1.064582530606223321e+00 0.000000000000000000e+00
-5.028359057503744012e-01 9.670533739229314474e-01 1.000000000000000000e+00
-1.115937150959129126e-01 -1.235631463438067040e-01 0.000000000000000000e+00
-2.334931295832959552e+00 -8.344293007406224927e-01 0.000000000000000000e+00
-6.864120789093176578e-01 -8.516874559284564050e-01 0.000000000000000000e+00
-7.713115374525416623e-01 -3.754497569294294457e-01 0.000000000000000000e+00
-1.744161352145739419e-01 6.480908915476620846e-01 1.000000000000000000e+00
-8.698785408942358854e-01 -9.079147891092883560e-01 0.000000000000000000e+00
1.662890979211942621e+00 -8.371925425502163565e-02 1.000000000000000000e+00
-1.851096137789446816e+00 4.074817104728482575e-01 0.000000000000000000e+00
1.226778956970957291e+00 1.349488036479713049e+00 1.000000000000000000e+00
-1.129067451591410365e-01 -1.043793504560090180e-01 0.000000000000000000e+00
-9.129522041622052386e-01 -3.679084575103143129e-01 0.000000000000000000e+00
-5.665882083563309468e-01 -2.250963690451264210e-01 0.000000000000000000e+00
-1.045981476132103793e+00 2.060922649543022178e+00 1.000000000000000000e+00
7.882978163874452271e-01 3.526941859211184527e-01 1.000000000000000000e+00
-1.331951136552728343e+00 1.402932409202374053e+00 1.000000000000000000e+00
1.469792217812097679e+00 -6.612705861244245753e-01 1.000000000000000000e+00
-7.812762020367576554e-02 -1.265532793536380929e+00 0.000000000000000000e+00
5.649092675678568654e-01 -8.507284847515638182e-01 0.000000000000000000e+00
