1.801450392979983550e-01 -4.738836364785201094e-01 0.000000000000000000e+00
-8.318466048799026957e-01 1.187129770136486906e-01 0.000000000000000000e+00
-6.731005048905325250e-02 -2.477791815777222961e+00 0.000000000000000000e+00
-1.205654607116393606e+00 -1.283573861975843888e+00 0.000000000000000000e+00
9.994188173675949693e-01 -3.829868938547497659e-01 1.000000000000000000e+00
-1.890969161634431295e+00 -5.306534454968652170e-01 0.000000000000000000e+00
-7.433214564621442033e-01 -2.085668976621101400e+00 0.000000000000000000e+00
-8.167864972734494022e-02 8.470862351032353299e-01 1.000000000000000000e+00
3.990819522711881451e-01 -2.163384042299784649e-01 1.000000000000000000e+00
2.154716802553506394e+00 -1.955466114675603162e+00 1.000000000000000000e+00
8.996342526964944408e-01 5.185364157178123934e-01 1.000000000000000000e+00
1.409151639156067670e+00 1.278336995207743243e+00 1.000000000000000000e+00
8.900017022261755284e-02 5.772987040068549014e-01 1.000000000000000000e+00
-3.586671030894091894e-01 1.046135457684387593e-01 0.000000000000000000e+00
6.065303560573593877e-01 4.219945849354754253e-01 1.000000000000000000e+00
-1.575943931003961129e+00 -8.586233298061615726e-02 0.000000000000000000e+00
-1.127378791625126331e+00 1.049723087018468795e-02 0.000000000000000000e+00
7.543888054016835154e-01 -1.201633000875025115e+00 0.000000000000000000e+00
1.663308179873663306e+00 1.045835433898767430e+00 1.000000000000000000e+00
-2.328330201241467223e-01 2.064337600655098137e-01 0.000000000000000000e+00
3.993154993658197816e-01 1.469628447316364328e+00 1.000000000000000000e+00
-8.604241720710922303e-01 9.003514496494673391e-01 1.000000000000000000e+00
-3.403685602974474422e-01 5.973953631405550802e-01 1.000000000000000000e+00
-4.010258743886382371e-01 -1.591749380592321739e+00 0.000000000000000000e+00
-5.666919457011392325e-01 3.308172225015921231e-01 0.000000000000000000e+00
5.867331774255102328e-01 1.817482429390614995e-01 1.000000000000000000e+00
8.721640889416416575e-01 8.292102759687152158e-01 1.000000000000000000e+00
-1.340738910497083269e+00 4.200876605347093617e-01 0.000000000000000000e+00
6.084337597329003700e-01 5.441481887351664604e-01 1.000000000000000000e+00
1.099149690514868771e+00 1.217141153010289800e+00 1.000000000000000000e+00
1.580714707557732135e+00 5.207300263375489457e-01 1.000000000000000000e+00
7.805405678434583772e-01 5.134236736680940494e-01 1.000000000000000000e+00
1.611916456452926028e+00 6.094710057289230015e-02 1.000000000000000000e+00
6.216690685311014875e-01 -1.326795310818094320e+00 0.000000000000000000e+00
-9.969276680621655951e-01 1.020339310186738624e-01 0.000000000000000000e+00
7.141973869436496480e-01 1.031316677109231472e+00 1.000000000000000000e+00
-6.615096176390983240e-01 -1.262108637132342448e+00 0.000000000000000000e+00
8.754686182297065633e-01 1.232607028585398057e+00 1.000000000000000000e+00
5.356593463669639954e-01 7.869093308912039619e-01 1.000000000000000000e+00
-9.963082052111253972e-01 6.027751672162915408e-01 0.000000000000000000e+00
-2.169366218515309253e-01 1.907326090652222472e+00 1.000000000000000000e+00
-1.503461978070553540e-01 -1.815607315730226823e+00 0.000000000000000000e+00
3.011816255637903561e-01 8.184846891231334354e-01 1.000000000000000000e+00
4.649839340309866453e-01 -9.498703218326350894e-01 0.000000000000000000e+00
-1.070627801062578738e-01 -4.377255022983513877e-01 0.000000000000000000e+00
-5.785061934774062692e-02 -6.192194474685971256e-02 0.000000000000000000e+00
3.869577018556117909e-01 -1.781698297522766428e+00 0.000000000000000000e+00
-1.052546549587773272e+00 6.432086139790513246e-02 0.000000000000000000e+00
2.616823277318528485e-01 5.625579689439053066e-01 1.000000000000000000e+00
1.251603370430321105e+00 -4.410180822994530514e-01 1.000000000000000000e+00
3.208629422617425425e-02 3.471651350330431374e-01 1.000000000000000000e+00
1.441227635386484351e+00 -1.341698450295290446e+00 1.000000000000000000e+00
1.530477537132630461e+00 4.750612174113564290e-01 1.000000000000000000e+00
1.171631190414472945e+00 -1.697774479155294225e+00 0.000000000000000000e+00
-1.052946554545094671e+00 -5.774514032288402543e-01 0.000000000000000000e+00
-6.056418566882122434e-01 1.120182086063198135e+00 1.000000000000000000e+00
-1.105502212462863287e+00 3.482846777339106414e-01 0.000000000000000000e+00
1.068328940554824635e+00 -1.816831976417229710e-01 1.000000000000000000e+00
2.286374331484729294e-01 7.145120549071060090e-02 1.000000000000000000e+00
1.215573322955425112e-01 -1.078909113522679708e-01 1.000000000000000000e+00
-4.851132155468862450e-01 -7.746875782955287004e-01 0.000000000000000000e+00
8.020963892711831245e-02 1.332938875943715240e-01 1.000000000000000000e+00
-1.878866460562255147e+00 1.738319148434889438e+00 0.000000000000000000e+00
1.058669992664375670e+00 -5.301627273330499455e-03 1.000000000000000000e+00
1.712152674123738061e+00 3.023632400070690451e-01 1.000000000000000000e+00
5.482285982601039498e-01 1.170991859379487909e+00 1.000000000000000000e+00
-7.223811347891582191e-01 7.187066230039937942e-01 0.000000000000000000e+00
-2.690458125603248707e+00 -2.441892555908000972e-01 0.000000000000000000e+00
-5.719415104652398885e-01 -3.610753716364465959e-01 0.000000000000000000e+00
-9.450946304894783934e-01 2.962039975842924444e-01 0.000000000000000000e+00
1.723019319407376404e+00 1.246390433376368956e-01 1.000000000000000000e+00
-6.957008546116987269e-01 -1.555136739529050793e-01 0.000000000000000000e+00
-1.230005604920099582e+00 1.685632628944234268e+00 1.000000000000000000e+00
-7.685680555414173831e-01 8.419641661258627785e-01 1.000000000000000000e+00
-1.637893144253244282e+00 1.552203455539672650e+00 0.000000000000000000e+00
-3.542642119299910797e-01 -1.988849400659251199e+00 0.000000000000000000e+00
-2.500628456630017982e-01 -6.670865218355562787e-01 0.000000000000000000e+00
-4.364444140427864993e-01 -3.852869341370355194e-01 0.000000000000000000e+00
1.636093685264466302e+00 9.172683393604675883e-01 1.000000000000000000e+00
-2.277078034237123738e+00 -2.140685356029524700e-01 0.000000000000000000e+00
-2.848375071365923106e-02 -8.317530106116977073e-01 0.000000000000000000e+00
-2.554874651752862547e-01 1.174772803089247253e+00 1.000000000000000000e+00
-4.279271943708890524e-01 -2.443172569889567880e-01 0.000000000000000000e+00
-5.995866588830474353e-02 2.660976373685608909e+00 1.000000000000000000e+00
-2.113684052183891104e+00 1.641235570139580657e+00 0.000000000000000000e+00
