1.624378181166666435e+00 1.546192830288562581e+00 1.000000000000000000e+00
6.703548311471994037e-01 6.182837209167877379e-01 1.000000000000000000e+00
-7.344808160204606695e-01 -5.124287595635554915e-01 0.000000000000000000e+00
-4.690034877805971392e-01 -7.159737150605577360e-01 0.000000000000000000e+00
4.415030990823960444e-01 1.187015565061174879e-02 1.000000000000000000e+00
7.068981543620443952e-01 -1.806343884181065507e+00 0.000000000000000000e+00
1.408011631746636516e-01 1.460077978183390135e+00 1.000000000000000000e+00
9.519668517826032073e-01 -4.779895847650586505e-01 1.000000000000000000e+00
1.184049547319111939e+00 -1.311969749740638513e-01 1.000000000000000000e+00
1.441653733245042146e-01 -5.921071766731870190e-01 0.000000000000000000e+00
6.719359326656649811e-01 -8.802189975284241408e-01 0.000000000000000000e+00
-1.002520111424977989e+00 -5.785037240305913597e-01 0.000000000000000000e+00
-1.850431184224658049e-02 -6.097708259529264208e-01 0.000000000000000000e+00
-2.379053054055515481e+00 -1.048264634036708332e+00 0.000000000000000000e+00
3.954465859816473361e-01 5.972749520547143698e-01 1.000000000000000000e+00
5.673696306930070543e-01 2.039764410908011083e+00 1.000000000000000000e+00
6.200283317460264509e-01 -8.807741220063474152e-01 0.000000000000000000e+00
6.098710078861819817e-01 4.215756010656158438e-03 1.000000000000000000e+00
-7.894621771567351676e-01 3.533036345621390351e-01 0.000000000000000000e+00
-9.869917073700770205e-01 -3.427690634988694307e-01 0.000000000000000000e+00
-7.253137915997261986e-01 8.294420161532606306e-01 1.000000000000000000e+00
2.523754564994126759e-01 -2.257171159733544208e+00 0.000000000000000000e+00
5.417167454322845410e-01 -6.765746285439401264e-01 0.000000000000000000e+00
7.439016034479076778e-01 8.015604297641938381e-01 1.000000000000000000e+00
2.259851696357926265e+00 -1.693597715952405713e-01 1.000000000000000000e+00
-6.594949969329640949e-01 9.129717905615609697e-01 1.000000000000000000e+00
2.558268854491016153e+00 -4.295936517966668644e-01 1.000000000000000000e+00
1.694921863213502577e+00 -2.373881587522719716e+00 0.000000000000000000e+00
1.195214359063408338e+00 5.031716917770688857e-01 1.000000000000000000e+00
1.527678768226743200e+00 -1.266991131719576689e-02 1.000000000000000000e+00
-2.748733981760837164e+00 -6.044815635990623270e-02 0.000000000000000000e+00
-1.353233773610477142e+00 -1.107200364642646484e+00 0.000000000000000000e+00
2.363537411542173117e-01 -1.007162135061913932e-01 1.000000000000000000e+00
-2.648701289675836068e-01 -1.950878492527422237e-01 0.000000000000000000e+00
-1.231579525128255526e+00 2.369018364446392744e-01 0.000000000000000000e+00
-3.961741208658968727e-01 -1.651165144130258555e-01 0.000000000000000000e+00
2.514790779842805343e-02 1.437164049149692424e+00 1.000000000000000000e+00
1.301408604649446854e+00 1.880656261808964225e-01 1.000000000000000000e+00
-6.495753112333726431e-01 -8.639218339235508193e-01 0.000000000000000000e+00
-2.350351095878388530e-01 -1.019584272534683617e-01 0.000000000000000000e+00
-1.127055841227924793e+00 2.466820492491782757e-01 0.000000000000000000e+00
1.262420208649951414e+00 -1.295379942215244995e+00 0.000000000000000000e+00
8.688752947517844882e-01 -3.062430425848270410e-01 1.000000000000000000e+00
1.884346157993077808e+00 -1.709558525354996306e+00 1.000000000000000000e+00
1.639031845557957334e+00 9.933560301753262545e-01 1.000000000000000000e+00
-1.264068438082393220e+00 1.900015429316092685e+00 1.000000000000000000e+00
-1.007745599890021992e+00 8.897029360905767126e-01 0.000000000000000000e+00
-7.956016039647886284e-01 1.251478126670008649e-02 0.000000000000000000e+00
-9.569909202172814933e-01 -2.107388547835662151e-01 0.000000000000000000e+00
9.291093960761831472e-01 1.324501207163729655e-01 1.000000000000000000e+00
-8.087100851923639810e-02 -1.020640017732837579e-01 0.000000000000000000e+00
-5.883058219405371547e-01 -1.001316725139447916e+00 0.000000000000000000e+00
-1.157989147473634572e+00 1.375005460223968079e+00 1.000000000000000000e+00
-1.071871818520357955e-01 -1.820570353140720243e+00 0.000000000000000000e+00
-4.700827913095674826e-01 -1.573661410179069686e-02 0.000000000000000000e+00
1.172148558974559274e+00 2.159432445220843100e+00 1.000000000000000000e+00
2.127659579751078889e-01 9.696362615073718105e-01 1.000000000000000000e+00
-3.042541809253065388e-01 -9.051861951953055208e-01 0.000000000000000000e+00
-2.237672947596412443e-01 1.001077105048539639e+00 1.000000000000000000e+00
1.031319057600995182e+00 6.157380034136680225e-01 1.000000000000000000e+00
1.873912283987624605e-01 5.289700783422546237e-01 1.000000000000000000e+00
-1.482827568601365664e+00 5.453595548729479603e-01 0.000000000000000000e+00
-6.868472167863950428e-01 5.156365173489331211e-01 0.000000000000000000e+00
-8.347597419088957915e-01 -9.523938436438560418e-01 0.000000000000000000e+00
-4.749527699623373733e-01 4.111348500342252854e-01 0.000000000000000000e+00
3.571575082559330094e-01 -9.637452981288227027e-01 0.000000000000000000e+00
8.195476642505444831e-02 3.718833487277459215e-02 1.000000000000000000e+00
-1.087459001826526439e+00 9.985925730956952961e-02 0.000000000000000000e+00
-7.367868624744278172e-01 8.592926245725028556e-02 0.000000000000000000e+00
-7.859980475694683388e-01 1.035707385152559556e+00 1.000000000000000000e+00
9.828795196606650020e-01 2.327813559545467148e-01 1.000000000000000000e+00
1.330305200091304041e+00 6.816957563958100375e-01 1.000000000000000000e+00
1.156510982787066322e+00 8.302455899752417823e-01 1.000000000000000000e+00
8.119491346729318382e-01 -1.671142850695467030e-01 1.000000000000000000e+00
2.846314648772351741e-01 2.432862005770217717e+00 1.000000000000000000e+00
