-3.771385895207083894e-01 -4.406147975704151620e-01 0.000000000000000000e+00
5.484118787297708186e-01 -3.247320933463161974e-01 1.000000000000000000e+00
1.092251613965555812e+00 3.780093171390366269e-01 1.000000000000000000e+00
1.456472963780488072e+00 9.219365652189814853e-01 1.000000000000000000e+00
-5.214417958657545649e-01 6.226968021893528604e-01 1.000000000000000000e+00
7.745495122188728043e-01 4.684845151845886541e-02 1.000000000000000000e+00
1.038940929389422230e-01 -7.771773783618519671e-01 0.000000000000000000e+00
1.320207800710093471e+00 2.875106371202690303e-01 1.000000000000000000e+00
1.476795481882233474e-01 -6.508721606392208203e-01 0.000000000000000000e+00
2.067511822684397149e+00 -3.552137400648590626e-01 1.000000000000000000e+00
-6.464469302027004982e-01 -5.949701333615524668e-01 0.000000000000000000e+00
2.951508780722348346e-01 3.716486544037784223e-01 1.000000000000000000e+00
-4.855378255958280320e-01 1.125993792078783695e+00 1.000000000000000000e+00
1.922632359609391717e+00 -1.109203500128568054e+00 1.000000000000000000e+00
8.239586932572245948e-02 6.879841129291928981e-02 1.000000000000000000e+00
9.207386827586174771e-01 5.939821691044403495e-01 1.000000000000000000e+00
3.858660981682067170e-01 5.766888422216583932e-01 1.000000000000000000e+00
-2.899906180975045378e-01 -2.341680387920996864e+00 0.000000000000000000e+00
-3.781606443888786417e-01 1.953648677628240238e+00 1.000000000000000000e+00
-2.659833060501522461e-01 4.648336793268871836e-01 1.000000000000000000e+00
-1.495734879819580164e-02 7.909690170765876216e-01 1.000000000000000000e+00
1.045328821337212361e-01 1.418247410125292429e+00 1.000000000000000000e+00
1.426592059586058725e-01 1.127537641197886575e+00 1.000000000000000000e+00
8.420105037205276310e-02 1.028964336195981488e+00 1.000000000000000000e+00
-2.045802927485098621e+00 -3.198943945570080771e-01 0.000000000000000000e+00
2.612496874220845977e-01 1.283978638426356289e-01 1.000000000000000000e+00
2.576205742426244338e+00 -2.308262618896373741e+00 1.000000000000000000e+00
5.947212346533108374e-01 -1.482402104926269004e+00 0.000000000000000000e+00
-4.415040605234263893e-01 -2.096349471587460878e-01 0.000000000000000000e+00
1.408412458340738693e+00 1.077973439253308158e-01 1.000000000000000000e+00
-1.871801080046968879e+00 7.214457569850251106e-01 0.000000000000000000e+00
-7.613800715175912670e-02 -7.865014769903134750e-01 0.000000000000000000e+00
-1.017741446503859226e+00 -3.067474286490481372e-01 0.000000000000000000e+00
1.983757652622903933e+00 -1.418304043635208123e+00 1.000000000000000000e+00
-6.498570567294682521e-01 -3.157655777774553418e-01 0.000000000000000000e+00
-1.547645625534212810e+00 1.876202855830673144e+00 1.000000000000000000e+00
8.745410026370675771e-01 -9.728546102145096963e-01 0.000000000000000000e+00
-4.919343341521914548e-01 5.684854093749287518e-01 1.000000000000000000e+00
1.443781968987030373e+00 -4.890090400296067119e-01 1.000000000000000000e+00
2.076966222893415412e-02 -2.198125310491775009e-01 0.000000000000000000e+00
-1.072555592226794446e-01 1.384068213729187091e+00 1.000000000000000000e+00
-5.003357306943314597e-01 -1.454810145397308796e+00 0.000000000000000000e+00
