7.966222519618345599e-01 -1.992730196259126785e-01 1.000000000000000000e+00
2.644418697574029697e-01 -4.735614063649459249e-01 0.000000000000000000e+00
-1.013054858192936336e-01 2.227926840024339494e+00 1.000000000000000000e+00
5.109922334800666155e-01 -2.760586238974320761e-01 1.000000000000000000e+00
3.239526308354400141e-01 4.055378565768549826e-01 1.000000000000000000e+00
-9.948228396387354122e-01 -5.394608301388172933e-01 0.000000000000000000e+00
7.905126300014646556e-01 6.842770230082415583e-01 1.000000000000000000e+00
-7.713027688394369363e-01 1.701539687586077321e+00 1.000000000000000000e+00
5.332450464811903934e-02 6.606181069978670495e-01 1.000000000000000000e+00
5.923520075518241557e-01 1.029616540462177238e-01 1.000000000000000000e+00
7.625464350396592428e-01 1.178729493213306778e+00 1.000000000000000000e+00
-1.744784656096416198e+00 -3.214452416472867169e-01 0.000000000000000000e+00
-1.432726061611854229e+00 1.268399969880832368e+00 0.000000000000000000e+00
-1.045294455186386307e+00 1.344134077946826267e+00 1.000000000000000000e+00
-7.278916672903613660e-01 1.130996207528374153e+00 1.000000000000000000e+00
4.104048387066041026e-01 9.431089981928133525e-01 1.000000000000000000e+00
-4.490054225610350114e-02 -3.105206700695121169e-01 0.000000000000000000e+00
5.698696962972721325e-01 1.448909046085531949e-01 1.000000000000000000e+00
-7.450144496984599796e-01 4.725938437198330955e-01 0.000000000000000000e+00
-7.242168581213827283e-02 -6.714866818322825504e-01 0.000000000000000000e+00
-3.835787957853341590e-01 8.290376990178138783e-01 1.000000000000000000e+00
2.266038007967271284e+00 -6.866056764974922677e-01 1.000000000000000000e+00
-1.327428186395730680e+00 -1.348856074109343162e+00 0.000000000000000000e+00
2.927398136355165437e-01 -7.893693485943065191e-01 0.000000000000000000e+00
-4.516829879117197910e-01 -7.062655809793114692e-01 0.000000000000000000e+00
-1.470249245480389932e+00 8.083730329191242125e-01 0.000000000000000000e+00
-4.481698612808917015e-01 -2.214546820851272635e+00 0.000000000000000000e+00
-2.840039686302412436e-01 1.301179757773785584e+00 1.000000000000000000e+00
4.041969625330925631e-01 8.693748796227274145e-01 1.000000000000000000e+00
-8.835490578825397345e-02 -2.682657380403869474e-01 0.000000000000000000e+00
-1.898469583498012092e+00 -6.890050928815608655e-01 0.000000000000000000e+00
1.687603381998835195e+00 8.612121850713720939e-01 1.000000000000000000e+00
4.605813053413676528e-02 3.638046052727335611e-01 1.000000000000000000e+00
6.470499694653134570e-01 -6.461858867816476781e-01 1.000000000000000000e+00
-1.149075730613981605e+00 1.206441167158302796e-01 0.000000000000000000e+00
-3.285425655928029265e+00 1.410226739529669260e+00 0.000000000000000000e+00
7.635171995430245495e-01 2.003363500289706556e-01 1.000000000000000000e+00
-3.515800720566007453e-01 1.290088522438684659e+00 1.000000000000000000e+00
6.622515830019810590e-01 8.719176817273996960e-01 1.000000000000000000e+00
-6.238172411824912528e-02 4.043292274732235847e-01 1.000000000000000000e+00
1.804376640284353073e-01 -1.107098953913831396e+00 0.000000000000000000e+00
4.934590762803598984e-01 -9.550978580214087854e-01 0.000000000000000000e+00
8.325267624941510292e-01 -1.154182988429624523e-01 1.000000000000000000e+00
-2.842873800170401047e-02 3.082410927494117492e-01 1.000000000000000000e+00
-1.573008612456655797e+00 5.175824316304189487e-01 0.000000000000000000e+00
-1.116454055975998783e+00 3.066602069353928720e-02 0.000000000000000000e+00
-1.448368570493705487e+00 2.148956367593392702e+00 1.000000000000000000e+00
-2.285685082360512377e-01 -2.490953513127226043e-02 0.000000000000000000e+00
4.347052991405121747e-02 2.885571224194493301e+00 1.000000000000000000e+00
1.346779391267890480e-01 2.048899098276799613e+00 1.000000000000000000e+00
9.452540219456238013e-01 6.487806896781512789e-01 1.000000000000000000e+00
-5.206544650886275882e-03 1.167499837785877403e+00 1.000000000000000000e+00
-9.452665788059346763e-01 2.478333593679881708e-01 0.000000000000000000e+00
5.676990497110359080e-01 -1.445297491315151950e+00 0.000000000000000000e+00
-4.203876348123630202e-01 2.646661222498514557e-02 0.000000000000000000e+00
5.452432137572688076e-01 -1.075151847422673335e+00 0.000000000000000000e+00
-1.824161643910999553e+00 -4.085712666853427155e-01 0.000000000000000000e+00
3.950714104860537923e-02 2.717649302141725842e-01 1.000000000000000000e+00
-7.141521306005382819e-01 1.724116934699603476e+00 1.000000000000000000e+00
-1.222776114843976858e+00 -1.978041954479970777e+00 0.000000000000000000e+00
-1.076479820038611424e+00 6.622660742736041772e-01 0.000000000000000000e+00
7.325152702628604517e-01 -2.582408542665974582e-02 1.000000000000000000e+00
-5.676216397310771544e-01 -8.374228375562617899e-01 0.000000000000000000e+00
-8.313588386093692106e-01 2.402665755365587241e-01 0.000000000000000000e+00
-1.956310227078436881e-01 7.294107453820861675e-01 1.000000000000000000e+00
-8.079629275831683444e-01 -9.571671909380687904e-01 0.000000000000000000e+00
-1.732527905506282773e+00 3.404729021140895928e-01 0.000000000000000000e+00
1.236258986069318278e+00 2.443095908440399422e-01 1.000000000000000000e+00
-1.623984716679865992e+00 -8.175614542695708309e-01 0.000000000000000000e+00
1.692362950624939355e+00 1.010324856885411515e+00 1.000000000000000000e+00
5.242276316675882342e-01 7.508740924309388332e-01 1.000000000000000000e+00
-5.299538956240928966e-02 2.964651857240989230e+00 1.000000000000000000e+00
-7.913476400300946401e-02 -1.137260241899542557e+00 0.000000000000000000e+00
-6.549986324013114258e-02 -6.570126746206466084e-01 0.000000000000000000e+00
1.528491052313836196e-01 1.047305626525798949e+00 1.000000000000000000e+00
-9.177171620799551288e-01 -1.594252132617992590e-01 0.000000000000000000e+00
-9.786272582377639750e-01 7.195344258649881697e-01 0.000000000000000000e+00
-4.475174776661109410e-01 -2.395803511306547895e-01 0.000000000000000000e+00
1.336257999921117268e+00 -2.332539028776471568e+00 0.000000000000000000e+00
1.007214068498861304e+00 8.712328067902590512e-01 1.000000000000000000e+00
-5.264631778701886478e-02 4.578158184748288284e-01 1.000000000000000000e+00
7.540406433403447350e-02 -2.083697786466408297e-01 0.000000000000000000e+00
-1.608688007955809240e+00 -2.466661911361059945e-01 0.000000000000000000e+00
-5.608659286583798226e-02 5.656014571843525074e-01 1.000000000000000000e+00
1.250633919250629056e+00 5.754765152580442189e-01 1.000000000000000000e+00
1.053479240053704524e+00 -1.382793491305101263e-01 1.000000000000000000e+00
