3.170041855029900879e-02 8.913193450562791886e-01 1.000000000000000000e+00
-6.467658686057854434e-01 4.696540794407760289e-01 0.000000000000000000e+00
-7.463308909377250888e-01 -6.508259562757344741e-01 0.000000000000000000e+00
2.520586190196356102e-01 -6.983012011426974475e-01 0.000000000000000000e+00
-4.267330565827654465e-01 -5.414138431525311601e-01 0.000000000000000000e+00
-1.787772696453406196e+00 4.194083446195668308e-01 0.000000000000000000e+00
-7.548084943074211406e-01 8.114281810021883867e-01 1.000000000000000000e+00
-4.449332807913414789e-01 4.662944367829336412e-01 1.000000000000000000e+00
1.556870920116787682e-01 -1.340452581832962675e+00 0.000000000000000000e+00
-4.691672460402867562e-01 -1.020443918774666558e+00 0.000000000000000000e+00
-9.765554992849576621e-01 1.182218205112899101e+00 1.000000000000000000e+00
-5.452488637605193977e-01 3.310136476263019212e-01 0.000000000000000000e+00
-8.210907302854921763e-01 -2.110000039171070707e+00 0.000000000000000000e+00
3.332805566033461009e-01 1.424990932342182770e-01 1.000000000000000000e+00
1.033637125368314091e+00 1.454464386092651829e+00 1.000000000000000000e+00
-3.187869627112700499e-01 -2.416758810950717651e-01 0.000000000000000000e+00
-3.257592991765291823e-01 1.655586075165779825e+00 1.000000000000000000e+00
2.935784097836699469e-01 -3.036054561513472638e-01 0.000000000000000000e+00
9.372502142946076420e-01 5.502345294650151653e-01 1.000000000000000000e+00
-1.432533621838163240e+00 -5.866793024742105178e-01 0.000000000000000000e+00
1.876388149545821671e+00 -7.502450246314366078e-01 1.000000000000000000e+00
3.168155063801048055e-01 -2.247092805972312757e-01 1.000000000000000000e+00
2.983689872832629986e-01 1.175797681909725341e-02 1.000000000000000000e+00
2.028870025642420805e-01 1.090084223140490804e+00 1.000000000000000000e+00
1.189620697543811279e+00 1.030060317826455955e-02 1.000000000000000000e+00
3.409184096587244972e-01 1.361725548345710690e+00 1.000000000000000000e+00
-1.530065884178349656e+00 -5.330560732374670652e-01 0.000000000000000000e+00
-5.828206996257354056e-02 -3.377756836496820791e-01 0.000000000000000000e+00
-1.867574086441157855e+00 1.902918458295101145e-01 0.000000000000000000e+00
-7.816343047678686595e-02 1.250630345806110544e+00 1.000000000000000000e+00
9.671050339115023764e-01 -4.889058871007248563e-01 1.000000000000000000e+00
3.034403589458803396e-01 -8.245200207925448832e-02 1.000000000000000000e+00
-1.447171348888993903e+00 -4.622754290822179701e-01 0.000000000000000000e+00
-6.295418121051336025e-01 -2.480166210719550735e-01 0.000000000000000000e+00
5.965545401106548962e-01 1.378756046938012236e+00 1.000000000000000000e+00
-1.105964894228722128e+00 -1.469674278180110649e+00 0.000000000000000000e+00
-1.004081251226690785e+00 7.401052488202486401e-01 0.000000000000000000e+00
-1.434051631390419468e+00 1.427464269314504763e+00 0.000000000000000000e+00
1.101537588928774847e-01 -1.232948510908846274e+00 0.000000000000000000e+00
-1.951478605439650238e+00 1.532121308234523083e+00 0.000000000000000000e+00
-1.148513936010753939e-01 1.043109771116156104e+00 1.000000000000000000e+00
-1.411480275875001134e+00 1.596620449583014079e+00 1.000000000000000000e+00
2.076041815438004701e+00 7.179406497435928403e-01 1.000000000000000000e+00
-4.360590727105805309e-01 -4.892675855653974004e-01 0.000000000000000000e+00
-3.587896417903071900e+00 1.571366144977140333e+00 0.000000000000000000e+00
-4.877395064178902118e-01 1.660487618929430642e+00 1.000000000000000000e+00
-2.591974082183481909e-01 -9.441608587256857810e-01 0.000000000000000000e+00
5.296777185159318169e-01 1.394585935583507519e+00 1.000000000000000000e+00
9.826587373323522057e-01 -2.231309411807019250e-01 1.000000000000000000e+00
