1.170951573773187704e+00 -7.897139990440983359e-01 1.000000000000000000e+00
-5.822340065195463765e-02 6.612468179332985363e-01 1.000000000000000000e+00
-1.473655117315679774e+00 2.201576627763709437e-01 0.000000000000000000e+00
4.946146807255703548e-01 1.870137297746501170e+00 1.000000000000000000e+00
-1.555088921135583946e-01 2.039108252811317468e-01 1.000000000000000000e+00
-1.761258838708386509e+00 1.694267317314785970e-01 0.000000000000000000e+00
-4.780619816457191973e-02 1.579868064401249994e-01 1.000000000000000000e+00
1.370103639746994340e+00 -1.599499062986577957e+00 0.000000000000000000e+00
-7.828108422469527428e-01 1.047324727636860242e+00 1.000000000000000000e+00
-6.231337088202364427e-01 -8.698737801641144574e-02 0.000000000000000000e+00
8.406239456783677344e-01 1.317535869330495935e+00 1.000000000000000000e+00
-4.598620981478220293e-01 -1.156748111269586682e-01 0.000000000000000000e+00
-4.047645409509641468e-01 -7.570393504425361186e-01 0.000000000000000000e+00
-5.403811696428933303e-02 1.757118981041993523e-03 0.000000000000000000e+00
-1.518463333343089416e-01 1.024508961661532824e+00 1.000000000000000000e+00
1.270430255785768292e+00 -1.307250513900828803e+00 0.000000000000000000e+00
1.587590713386908714e+00 2.278511347776726592e-01 1.000000000000000000e+00
5.617098367580507512e-01 1.305015035163273662e+00 1.000000000000000000e+00
3.241805300005433654e-01 7.378990708854861469e-02 1.000000000000000000e+00
8.117696446025791934e-02 1.138381247175455080e+00 1.000000000000000000e+00
-3.036511071301608577e-01 4.553824744481740905e-01 1.000000000000000000e+00
-1.451093246495619993e-01 -2.153489212535812936e+00 0.000000000000000000e+00
5.278412061892366891e-01 -1.388512456307432252e+00 0.000000000000000000e+00
1.229364323424143590e+00 -6.662972809653079365e-01 1.000000000000000000e+00
1.823366772456785079e-01 -1.166313727789646926e+00 0.000000000000000000e+00
-5.446280724805858675e-01 2.654093206069719546e+00 1.000000000000000000e+00
-2.679886977288875038e-01 -2.102179097867844237e-01 0.000000000000000000e+00
-8.539962588809602018e-01 -1.483806183373690635e+00 0.000000000000000000e+00
4.699154412185853058e-01 -6.844091210216544097e-01 0.000000000000000000e+00
-1.558363327283541988e+00 -1.183178151616353535e+00 0.000000000000000000e+00
-6.448242471805638587e-01 1.789366577026598293e+00 1.000000000000000000e+00
-1.011567357877228623e+00 -1.475960720131285431e+00 0.000000000000000000e+00
-7.530100492277129742e-01 -1.987834104178531902e-01 0.000000000000000000e+00
-1.727103361726308184e-01 -6.968946658325113619e-01 0.000000000000000000e+00
-1.660939321197273666e-01 -7.317572443929623582e-02 0.000000000000000000e+00
-1.411202343434346806e+00 2.274994101252698186e+00 1.000000000000000000e+00
-5.451909944478473546e-01 2.297073475609240356e-01 0.000000000000000000e+00
1.132973393437247261e-01 -6.958092781158604634e-01 0.000000000000000000e+00
-7.683319244790917102e-01 -1.449704372716101419e+00 0.000000000000000000e+00
-1.600581670327241857e-01 2.069517785042509939e+00 1.000000000000000000e+00
-9.562754624282761018e-01 -9.940774507861571685e-01 0.000000000000000000e+00
2.994160337079369242e-03 1.257718949312679912e+00 1.000000000000000000e+00
6.608233080459334774e-01 6.900990227955652867e-02 1.000000000000000000e+00
-7.563210240312602251e-01 -1.171622854592409002e+00 0.000000000000000000e+00
9.980634451529352136e-01 2.960233274052593289e-01 1.000000000000000000e+00
4.274488664566649110e-01 -1.168977056128332803e+00 0.000000000000000000e+00
-9.653313422896598883e-01 -8.781161706559729163e-01 0.000000000000000000e+00
-2.185766473094320206e-01 -8.802850028015170025e-01 0.000000000000000000e+00
5.802454850183813573e-01 -1.211804701391452133e+00 0.000000000000000000e+00
-6.085476080744901539e-01 -9.204117719957612131e-02 0.000000000000000000e+00
-8.885329859570444133e-02 -4.332026671506487570e-01 0.000000000000000000e+00
-1.280373369176643017e+00 9.659937152859195963e-01 0.000000000000000000e+00
-6.605739325580173293e-01 7.215833888234596261e-01 1.000000000000000000e+00
-2.079635190444479864e+00 1.952718944769284426e-01 0.000000000000000000e+00
8.433221550067167005e-01 1.285591604809883104e-01 1.000000000000000000e+00
6.757438536015052399e-01 1.269211622117759397e+00 1.000000000000000000e+00
-1.591879272351679253e+00 2.626935275459844621e-01 0.000000000000000000e+00
-1.501285300410156176e-01 1.168107546991566797e-01 0.000000000000000000e+00
