-1.260476086532230644e+00 -1.849277599581276244e+00 0.000000000000000000e+00
-3.414711019749119836e-01 -9.983458560203038734e-02 0.000000000000000000e+00
4.222543427399670923e-01 3.606684194259832665e-01 1.000000000000000000e+00
6.571050411162150384e-01 -7.966933918561324157e-01 0.000000000000000000e+00
7.500986106279297072e-01 1.429578746172835979e-01 1.000000000000000000e+00
3.098503417493675971e-01 -2.581183659242163309e-01 1.000000000000000000e+00
-6.020984947750118721e-01 -5.538634354835929585e-01 0.000000000000000000e+00
1.136336063213596148e+00 -1.570365101987993395e+00 0.000000000000000000e+00
-3.121832861739859966e-01 7.073454918876122613e-03 0.000000000000000000e+00
-2.265137993463900212e+00 -2.476918839344492695e-01 0.000000000000000000e+00
2.248333429329102684e-01 -1.052220468636563960e-01 1.000000000000000000e+00
-5.249353808694532386e-01 6.343259650722667120e-02 0.000000000000000000e+00
-1.419953236108389527e+00 -1.942891506680364699e+00 0.000000000000000000e+00
-7.417240575552694892e-01 -6.526738965270176829e-01 0.000000000000000000e+00
-1.833181140269712628e-01 2.588703791735936788e-01 1.000000000000000000e+00
1.508312574455144550e-01 1.111915486320865343e+00 1.000000000000000000e+00
-3.971714045357093159e-01 -7.576077562174994284e-01 0.000000000000000000e+00
-2.677394924437602186e-01 2.127337054276642325e-01 0.000000000000000000e+00
9.434790185368819859e-01 5.130001838621436328e-01 1.000000000000000000e+00
1.037001511338176696e-01 7.747866353694346508e-02 1.000000000000000000e+00
-4.540820236358600881e-01 3.641884889546073006e-02 0.000000000000000000e+00
-1.921768000918329777e+00 5.898428207230130838e-01 0.000000000000000000e+00
-1.661412905106763593e-01 5.092545773062334691e-01 1.000000000000000000e+00
-5.112323722840288465e-01 2.551087829279913288e-01 0.000000000000000000e+00
2.019450367003424451e-01 -6.928098237871765930e-01 0.000000000000000000e+00
3.504738219093911367e-01 -4.236501840684351872e-01 0.000000000000000000e+00
3.403202596511663569e-01 -1.917848568444683766e+00 0.000000000000000000e+00
-5.757946096433366190e-01 5.523023531833827146e-03 0.000000000000000000e+00
-2.582144807559924038e-01 3.094512154579322494e-01 1.000000000000000000e+00
-1.206437377761637730e+00 -1.999293649590425104e-01 0.000000000000000000e+00
4.212193865893678613e-01 1.436437878374467347e+00 1.000000000000000000e+00
-1.506858956453482223e+00 1.414864502114226541e+00 0.000000000000000000e+00
-1.076044522252649349e+00 2.236720712947539436e-01 0.000000000000000000e+00
7.805670960125532520e-01 -1.423730645709419207e+00 0.000000000000000000e+00
-2.717939767831466735e+00 1.375942368428584528e+00 0.000000000000000000e+00
5.624540376855891033e-01 -4.599287793582721995e-01 1.000000000000000000e+00
-1.274152686939798440e-01 -1.415760318218919900e-01 0.000000000000000000e+00
-1.899500759396266725e+00 -6.788815486747286077e-01 0.000000000000000000e+00
-1.112555628440735189e+00 -1.841755283162779533e-01 0.000000000000000000e+00
2.449230853536357722e-01 6.345744023818771229e-01 1.000000000000000000e+00
-4.255240713283687803e-01 4.323079447525286501e-01 1.000000000000000000e+00
-1.286670180952723896e+00 1.742429233991379833e+00 1.000000000000000000e+00
-7.963638872232970956e-01 -8.919213389244673440e-02 0.000000000000000000e+00
7.829130128739908434e-01 3.096738622566155286e-01 1.000000000000000000e+00
-9.505687943340204171e-01 2.421653453124611721e-01 0.000000000000000000e+00
1.894135056201199929e-01 1.562459030599539167e+00 1.000000000000000000e+00
-2.147727288303429738e+00 -2.504765832137437753e-01 0.000000000000000000e+00
-3.021012619283153788e-01 4.650879117187754486e-01 1.000000000000000000e+00
-1.026365158037925829e+00 5.444459525269045308e-01 0.000000000000000000e+00
-1.328286626923223857e+00 -6.246577973609992451e-01 0.000000000000000000e+00
1.335122837608103019e+00 6.464450232722099843e-01 1.000000000000000000e+00
-1.120249742717212560e-01 1.766229399788370902e+00 1.000000000000000000e+00
-6.537838581703145913e-01 9.356533565264403274e-01 1.000000000000000000e+00
9.934815393528599881e-01 2.749359997486914287e-01 1.000000000000000000e+00
8.058866252476497571e-01 1.199480742813088946e-01 1.000000000000000000e+00
-9.238110024274628351e-01 1.080528918989144715e+00 1.000000000000000000e+00
3.138309022471428844e-01 -5.601480071305572350e-01 0.000000000000000000e+00
-9.635671846127931428e-02 1.191966777545801603e+00 1.000000000000000000e+00
-3.951032270258755252e-01 4.685271730372008725e-01 1.000000000000000000e+00
-1.483569031479163192e+00 -1.808047237105560312e-01 0.000000000000000000e+00
1.700677713639726085e-01 1.061534201221760454e-01 1.000000000000000000e+00
-1.040191602927177827e+00 5.230924428634016188e-01 0.000000000000000000e+00
-3.204195777046778271e-01 -1.066744687182572537e+00 0.000000000000000000e+00
7.725331371768398014e-01 5.197826580590444445e-01 1.000000000000000000e+00
-1.025009014496725435e+00 -4.547125223124935944e-01 0.000000000000000000e+00
-3.868659149834103861e-01 1.214285768206185612e+00 1.000000000000000000e+00
1.185598547873893072e+00 -1.189495256908014997e-01 1.000000000000000000e+00
-8.306394988324862227e-01 -2.006362556605111980e+00 0.000000000000000000e+00
7.629316991107456536e-01 -4.972361887397734326e-01 1.000000000000000000e+00
-1.047557399215244489e+00 1.872270591357608316e+00 1.000000000000000000e+00
9.730938837525052523e-03 2.419300367858361056e-01 1.000000000000000000e+00
3.061974681771889584e-01 -3.614680858982619593e-01 0.000000000000000000e+00
3.242485913476527704e-01 9.008576022512647663e-01 1.000000000000000000e+00
1.229503289559762298e-02 4.446408416751899129e-01 1.000000000000000000e+00
-1.683551328766835775e+00 2.474967913296704236e-01 0.000000000000000000e+00
-8.949034415549309562e-01 2.814972365663985787e+00 1.000000000000000000e+00
-1.075488355458690259e+00 1.478240086744512682e+00 1.000000000000000000e+00
-2.223668338921712673e-01 7.731464647123524880e-01 1.000000000000000000e+00
-2.263061748116563521e-01 -5.962520674543713151e-01 0.000000000000000000e+00
-2.387212059062017444e-01 7.913578179852590044e-02 0.000000000000000000e+00
4.260855203189434226e-02 -6.693317802002732853e-01 0.000000000000000000e+00
-3.819049255123039832e-01 1.176363888025098170e+00 1.000000000000000000e+00
3.929400136226107731e-01 -2.982653260379033305e-02 1.000000000000000000e+00
-1.022888157198371006e+00 -1.182438378440238830e-01 0.000000000000000000e+00
-1.843945802208697415e+00 -2.689566090376463436e-01 0.000000000000000000e+00
-1.636739148129844057e-01 -1.525872759079238028e+00 0.000000000000000000e+00
1.461874775100659996e+00 1.138222008486883041e+00 1.000000000000000000e+00
-1.715139616943933465e+00 9.175564587239455339e-01 0.000000000000000000e+00
2.293507515342243369e-02 3.109067505412074772e-01 1.000000000000000000e+00
4.067189905495157687e-01 -1.586619256571811798e+00 0.000000000000000000e+00
-9.981581779312082014e-01 1.133807888103798844e-01 0.000000000000000000e+00
-9.570376883158744630e-02 -5.887711514828198878e-01 0.000000000000000000e+00
