-1.644571254204419519e+00 -2.761436670646981284e+00 0.000000000000000000e+00
-1.909936007381994205e+00 3.083604764679560795e+00 1.000000000000000000e+00
3.513486713142151552e-01 8.185709521132097377e-01 1.000000000000000000e+00
-2.468975429443771019e-01 4.378978343005989204e-01 1.000000000000000000e+00
-4.028842677954967422e-01 2.808975847409855842e-01 0.000000000000000000e+00
5.701039625713568704e-01 -1.033600140959260560e+00 0.000000000000000000e+00
-4.918053837400711004e-01 -7.404579369916649556e-01 0.000000000000000000e+00
1.008235392432123900e+00 6.833810315332881080e-01 1.000000000000000000e+00
-1.199575374765215363e+00 -6.278449485790570384e-01 0.000000000000000000e+00
-8.139529237433243969e-01 -1.089210891455135499e+00 0.000000000000000000e+00
-1.150673359872505852e+00 -1.216169997215398174e-01 0.000000000000000000e+00
1.133855312056484710e+00 2.053058790782212317e-01 1.000000000000000000e+00
1.260133384931999778e+00 6.546284819926023735e-01 1.000000000000000000e+00
-1.186682955006525653e+00 -9.134677793075017815e-01 0.000000000000000000e+00
-1.562541382989454941e-01 5.422005516515666645e-01 1.000000000000000000e+00
-1.019019200502555789e+00 -3.460037995945254852e-01 0.000000000000000000e+00
7.706620322969105485e-01 8.503943134181988217e-01 1.000000000000000000e+00
-7.251159467916923340e-01 -1.625085316372472388e-01 0.000000000000000000e+00
3.083660990535780355e-01 -3.835625049765068462e-01 0.000000000000000000e+00
1.028651761237209944e-01 7.253014919763892676e-01 1.000000000000000000e+00
-1.148128500987577016e+00 1.668808143189766946e-01 0.000000000000000000e+00
1.792607078843353019e+00 3.368725925151906386e-01 1.000000000000000000e+00
-2.718056225189062203e-01 -1.219215405407175323e+00 0.000000000000000000e+00
1.282525508821810822e+00 -1.913993054268687266e-01 1.000000000000000000e+00
-7.266336871377780671e-02 1.475544431334138151e+00 1.000000000000000000e+00
1.334728824829267912e+00 -1.037061505990528154e+00 1.000000000000000000e+00
1.663971381516166081e+00 -2.493638909431446227e-01 1.000000000000000000e+00
5.576023870213215883e-01 -1.017822662625684327e+00 0.000000000000000000e+00
6.009320779667275403e-01 -5.561340740738662802e-01 1.000000000000000000e+00
-1.723813280153841110e-01 3.071748708580982479e-01 1.000000000000000000e+00
-7.510523419518653210e-01 1.480854995416233333e+00 1.000000000000000000e+00
-1.374385599147869508e+00 -2.934434485991704866e-01 0.000000000000000000e+00
2.423956326626372226e-01 -2.247945408252737809e-01 1.000000000000000000e+00
1.832254456441444468e+00 -1.406995906248333261e+00 1.000000000000000000e+00
-1.292378347775700931e+00 -1.552995247359767017e+00 0.000000000000000000e+00
1.259029641903154140e+00 -1.466007914553881575e+00 0.000000000000000000e+00
9.238671415726815717e-01 5.615654716732357832e-01 1.000000000000000000e+00
5.455372153364216325e-01 5.605215017056791593e-01 1.000000000000000000e+00
3.671284305737558817e-01 -1.922926294998653862e+00 0.000000000000000000e+00
