-4.028736402407036010e-01 4.658916684993081869e-01 1.000000000000000000e+00
3.491359784274997713e-01 -2.149981597025094060e-01 1.000000000000000000e+00
1.441519459514587931e+00 -9.655416054762880895e-01 1.000000000000000000e+00
1.470792347501229003e+00 1.225293548777548258e+00 1.000000000000000000e+00
3.393096637061139842e-01 -1.398283107339895581e+00 0.000000000000000000e+00
1.629012939201145649e+00 -1.360647159364754666e+00 1.000000000000000000e+00
2.479793016858697907e+00 1.564507449760755564e-01 1.000000000000000000e+00
-2.791082061004679024e-02 9.554376915281092009e-01 1.000000000000000000e+00
2.232033822500505860e+00 -1.099628135165687137e+00 1.000000000000000000e+00
7.846964006756001683e-03 6.491078702153808555e-01 1.000000000000000000e+00
3.647820449639960216e-01 -5.026566607068565506e-01 0.000000000000000000e+00
1.877903452694887065e-01 -3.058345699130127215e-01 0.000000000000000000e+00
2.115200737845635837e-01 -4.373189335503114838e-01 0.000000000000000000e+00
6.491843231401809300e-01 1.487682784865307362e+00 1.000000000000000000e+00
-3.932583437300331552e-01 -1.336639530328239234e+00 0.000000000000000000e+00
3.282925297982290935e-01 7.180945455134098987e-01 1.000000000000000000e+00
1.119891864475574872e+00 2.513814612055143005e+00 1.000000000000000000e+00
4.236427890757038517e-02 -4.773687121569171188e-01 0.000000000000000000e+00
-1.364113761244399869e-01 5.595403793340715248e-01 1.000000000000000000e+00
-2.193145279617345622e+00 -6.266294705723015612e-01 0.000000000000000000e+00
8.337263763978540743e-01 4.225956529982499155e-01 1.000000000000000000e+00
1.570305373461852838e+00 5.656774843881894332e-01 1.000000000000000000e+00
8.325035477326385713e-01 -1.614828466500727311e+00 0.000000000000000000e+00
4.466498781675941609e-01 -1.907777093761499621e-01 1.000000000000000000e+00
7.763718134687123129e-01 -2.531983230498989768e-01 1.000000000000000000e+00
6.073110454486728704e-01 2.481383157054162791e-01 1.000000000000000000e+00
-7.731954156120789401e-01 -8.571173149677564773e-02 0.000000000000000000e+00
-7.046575812390984961e-01 -2.010132464649501127e-01 0.000000000000000000e+00
5.615611114114887892e-01 7.317042887457108069e-01 1.000000000000000000e+00
6.501011212516133453e-01 -7.396212146597950232e-01 0.000000000000000000e+00
-2.412875412285684362e+00 -1.208499209399360952e+00 0.000000000000000000e+00
2.196635142616712777e+00 -2.097028035690799097e+00 1.000000000000000000e+00
1.079252122498559618e+00 1.440510536967643807e-01 1.000000000000000000e+00
-6.380632204484779635e-01 -3.535880661545463544e-01 0.000000000000000000e+00
-1.979879060113415079e+00 -7.102811063942124914e-01 0.000000000000000000e+00
3.362250060134094332e-01 -1.524684901941861348e+00 0.000000000000000000e+00
1.092716020253344800e+00 7.789081407902251897e-01 1.000000000000000000e+00
-7.224378815612696458e-01 -4.243867058906738987e-01 0.000000000000000000e+00
-2.921012544360163110e-02 1.737301786552203353e+00 1.000000000000000000e+00
1.787125066635028015e+00 4.556825659268167183e-01 1.000000000000000000e+00
-1.717577996119286077e+00 6.757035354544395078e-01 0.000000000000000000e+00
-5.516761058819426022e-01 1.223089950649015323e-01 0.000000000000000000e+00
-8.549393499035522481e-01 9.682538240533432594e-01 1.000000000000000000e+00
-8.049946408218524585e-01 -8.022626707008704283e-01 0.000000000000000000e+00
7.531854494877875394e-01 7.028107417834196236e-01 1.000000000000000000e+00
-9.601330055813394049e-01 3.429268509688465083e-01 0.000000000000000000e+00
5.038819956944681211e-01 3.238764425760080612e-01 1.000000000000000000e+00
1.258695769454724500e+00 -4.494761255403450506e-01 1.000000000000000000e+00
-1.227757413400706987e+00 -1.090798554177648816e+00 0.000000000000000000e+00
-9.907948818282428238e-01 5.394785354486983930e-01 0.000000000000000000e+00
-6.163856539433194559e-01 -2.714070111422803855e-01 0.000000000000000000e+00
-1.521708143576794015e-01 -7.736067071511896209e-01 0.000000000000000000e+00
1.918467863980990451e-01 1.207409056562264438e-01 1.000000000000000000e+00
2.997602261001826029e-01 -1.271041383254979618e+00 0.000000000000000000e+00
-1.625957312475989847e+00 1.262164069013878898e+00 0.000000000000000000e+00
-4.820213414604401225e-01 2.583935912173943028e-01 0.000000000000000000e+00
-2.002708017068257629e+00 5.159766457050533051e-01 0.000000000000000000e+00
-9.633023284362398631e-01 7.068282629898643421e-01 0.000000000000000000e+00
-1.590423051268744781e-01 -4.314233366586737728e-01 0.000000000000000000e+00
1.424932203288677979e-01 7.843585456018029589e-01 1.000000000000000000e+00
-7.006179517953541325e-01 5.908106687256423628e-01 0.000000000000000000e+00
