-1.761831530651939148e-01 8.308547102422715325e-01 6.546715571770775899e-01
-3.516867561609476334e-01 -1.735356829131046441e-01 -5.252224390740523052e-01
-4.604753486439656651e-01 8.000652253748373743e-01 3.395898767308717092e-01
7.018795130452838427e-01 -2.554855284661038395e-01 4.463939845791800032e-01
-5.873361326460270204e-01 7.292206811106692887e-01 1.418845484646422683e-01
-1.027015446018822553e+00 -5.566447719292586527e-01 -1.583660217948081206e+00
3.138422503501962502e-01 1.474340179476152368e+00 1.788182429826348674e+00
2.014404310195627268e+00 -3.613411257573131419e-01 1.653063184438314126e+00
-5.455202054339387541e-01 -2.130973734168676303e-01 -7.586175788508063844e-01
-5.163646653818113608e-01 -1.457722221072397017e+00 -1.974086886454208489e+00
-9.995087893899921860e-02 1.074665774031013266e+00 9.747148950920140331e-01
3.264954274370184817e-01 6.286857072464091534e-01 9.551811346834275795e-01
8.438373513108472501e-01 -4.074419233023272580e-01 4.363954280085199922e-01
2.159561919043017919e-01 1.188753536393976296e+00 1.404709728298278115e+00
1.370501426641459242e+00 -2.361349025843708094e-01 1.134366524057088377e+00
1.077958169139741518e+00 2.543606743464879583e-01 1.332318843486229420e+00
1.597220737592402795e+00 5.886838987121040256e-01 2.185904636304506710e+00
1.764681662878504476e+00 1.112959399010025274e+00 2.877641061888529528e+00
-5.722284740493733812e-01 -9.022324007642715804e-01 -1.474460874813644962e+00
-1.914157825493921494e-01 -9.918279983769008601e-02 -2.905985823870822493e-01
7.639918347030111301e-01 7.585924240961973153e-01 1.522584258799208445e+00
-3.524588475613490979e-01 -1.992920460105527036e+00 -2.345379307666876301e+00
-8.373837379931739489e-02 1.772319560162995078e+00 1.688581186363677711e+00
-5.638097763655399719e-01 1.012333524951811031e-01 -4.625764238703588549e-01
1.320703097503800993e+00 5.605640297910238212e-01 1.881267127294824704e+00
-1.355387447251922728e+00 -9.847535279703700795e-01 -2.340140975222293029e+00
1.761351042288171076e+00 2.047044679519780253e-01 1.966055510240149129e+00
-9.805113254609755247e-01 2.755806606016544258e-01 -7.049306648593210989e-01
-5.130143312561398217e-01 1.203671960559345722e-01 -3.926471352002052218e-01
-4.460538875286493843e-01 -1.611669376267765630e+00 -2.057723263796415125e+00
1.097351947539126626e-01 -2.894517254770825332e-01 -1.797165307231698705e-01
1.287936624902296344e-02 -5.291023839900846903e-01 -5.162230177410617182e-01
-4.623035502313938006e-01 1.281791164246196768e+00 8.194876140148029675e-01
-7.615627756854604913e-01 -9.091693235451766553e-01 -1.670732099230637147e+00
6.596455965095744389e-01 -1.121161975491190566e+00 -4.615163789816161266e-01
7.399732636526745733e-01 -7.177655782891013969e-03 7.327956078697835940e-01
1.788417856308644138e+00 8.956271401018076617e-01 2.684044996410452022e+00
-8.106176059076319884e-01 3.229027973931667961e-01 -4.877148085144651923e-01
8.613304331864278518e-02 4.232828121876598959e-01 5.094158555063026395e-01
-1.514612963489864406e+00 1.375038599518748836e-02 -1.500862577494676886e+00
-1.082803428660621625e+00 -4.316449506763739841e-01 -1.514448379336995609e+00
1.209097046749773918e+00 2.965187779131969736e-01 1.505615824662970947e+00
-3.752552267077923775e-01 -3.002510451399350577e-01 -6.755062718477273798e-01
-1.368993095195422671e-01 -1.259331592315438453e+00 -1.396230901834980775e+00
-1.322959647947380191e+00 -4.639933960370196120e-01 -1.786953043984399692e+00
-6.412659557443708414e-01 -4.089254105682182949e-01 -1.050191366312589025e+00
-4.575441338044068940e-01 -8.729842275434831489e-01 -1.330528361347889987e+00
-1.419064148133923897e+00 -6.775446078720014365e-01 -2.096608756005925223e+00
-9.408588446021953766e-02 -1.743573861588828100e+00 -1.837659746049047582e+00
2.846611727262782221e-01 1.623479031991985622e+00 1.908140204718263844e+00
