-3.773635807313358570e-01 1.667589173769745692e-01 -2.106046633543612878e-01
6.828023755711500886e-01 1.921378773231572801e+00 2.604181148802722667e+00
-1.970367959145204739e-01 -7.598787572506798815e-01 -9.569155531652003832e-01
-2.089066358629968700e+00 -3.637298519150442000e-02 -2.125439343821473148e+00
-1.217749182069973513e+00 -1.428905120784826677e+00 -2.646654302854800189e+00
-1.705276150106393718e-01 1.160940015708122219e+00 9.904124006974828198e-01
-1.061139961257411279e+00 -1.408500171343384899e+00 -2.469640132600796179e+00
8.395500106323274814e-01 -9.962477095586023956e-02 7.399252396764672834e-01
-1.736264910328054079e+00 -3.071860377218376126e-01 -2.043450948049891913e+00
-8.087031047443678233e-02 8.343191229557723743e-01 7.534488124813355503e-01
1.885460084596060959e+00 4.408977001400529172e-01 2.326357784736114098e+00
4.398743070972314650e-01 1.070766736658774976e+00 1.510641043756006496e+00
4.042521568785921171e-01 1.334717384973757026e-01 5.377238953759677642e-01
1.937107418854631335e+00 1.002275408111005905e+00 2.939382826965637463e+00
-4.699975221186654395e-02 1.153259691707690049e+00 1.106259939495823463e+00
1.998546614871466245e-02 -1.579930448458271464e+00 -1.559944982309556805e+00
-1.978422804481972386e-01 -2.201956487886928271e-01 -4.180379292368900934e-01
-2.670838889303800978e-01 -4.121303388285837421e-01 -6.792142277589638955e-01
1.049544821258686866e+00 1.663777128782869985e+00 2.713321950041557074e+00
6.036330256522407511e-01 2.314517972407402202e-01 8.350848228929810269e-01
3.684036082568308279e-01 -4.978943417376845981e-01 -1.294907334808537702e-01
1.567452273473419755e+00 4.691453127872760587e-01 2.036597586260695980e+00
5.453766091620380063e-01 -3.311972447146722676e-01 2.141793644473657388e-01
-9.601124944014171048e-01 -8.541842746422434463e-01 -1.814296769043660440e+00
1.676691311198107215e+00 -4.613445704260276115e-01 1.215346740772079492e+00
2.533795232018096200e-01 7.603217442386489555e-01 1.013701267440458631e+00
2.839704940392197563e-01 -4.698247592358845148e-01 -1.858542651966647585e-01
-7.610154136503159972e-01 1.227314357108083565e+00 4.662989434577675674e-01
2.103867538587919986e-02 1.129400286748514781e-01 1.339787040607306745e-01
6.367758786685584482e-01 -6.573194850812033030e-01 -2.054360641264485476e-02
5.699596176149428484e-01 9.492927030274160849e-01 1.519252320642358933e+00
1.057858512647052773e+00 6.039350512134116222e-01 1.661793563860464396e+00
8.751924064028276939e-03 5.517092830694615702e-02 6.392285237097443396e-02
8.955922391271713412e-01 9.633195663403640863e-01 1.858911805467535316e+00
3.699773303282492820e-02 1.260492596199638493e+00 1.297490329232463324e+00
-7.765059253338976175e-01 7.647457879036290151e-01 -1.176013743026860237e-02
3.945450089415069583e-01 1.056350654751310181e-01 5.001800744166380319e-01
1.681282997534072898e-01 -9.076715561394065046e-02 7.736114413946663937e-02
1.189409778514277510e-01 1.099561887624144640e+00 1.218502865475572294e+00
-1.051469874694812789e+00 7.576351618815790889e-01 -2.938347128132337005e-01
1.345002096703362016e+00 -8.163211693539088598e-01 5.286809273494531558e-01
9.924830600416855164e-01 4.924202363902713264e-01 1.484903296431956843e+00
9.362223552576679486e-01 1.138866584044174957e+00 2.075088939301843016e+00
7.061381701590980775e-01 -1.002387066031811935e+00 -2.962488958727138577e-01
-1.810058547497818804e+00 -1.873113346712218796e-01 -1.997369882169040656e+00
1.004061324152239809e+00 -4.657435748513350654e-02 9.574869666671063095e-01
-1.019231421953433969e+00 4.285617816147139214e-01 -5.906696403387200478e-01
-2.585054673067848641e-01 9.307338650205007613e-02 -1.654320808047347879e-01
-9.922868293420673558e-01 -3.072116311279364798e-01 -1.299498460470003725e+00
-4.956371651121828648e-01 -7.934623797952812252e-01 -1.289099544907464034e+00
