2.352496701821041203e+00 2.044994336927183909e+00 4.397491038748224668e+00
1.223989891086797233e+00 -5.858872706514959283e-01 6.381026204353013043e-01
4.390661110333510808e-01 7.145440896292329924e-01 1.153610200662584129e+00
-1.294300899592384591e+00 -1.552866756202272880e+00 -2.847167655794657470e+00
-1.027874449955800573e+00 -1.556939996087757239e+00 -2.584814446043557812e+00
7.282266325456652201e-01 -2.178678269542914381e-01 5.103588055913738097e-01
1.296094322196402748e-01 -9.390667139509674410e-02 3.570276082454353073e-02
1.725135976272136329e+00 -3.979713817870579318e-01 1.327164594485078286e+00
-1.411503350824997893e+00 4.317561226052086809e-01 -9.797472282197892124e-01
1.132392565617101443e+00 1.466503360081742979e+00 2.598895925698844422e+00
-1.565827475960329229e+00 2.071263903400108575e+00 5.054364274397793455e-01
-5.696072073899685062e-01 3.017053784858873544e-01 -2.679018289040811518e-01
-1.196231425933579562e+00 1.550583154752864790e-01 -1.041173110458293083e+00
1.672340186522849326e+00 -1.059000085429262716e+00 6.133401010935866093e-01
-8.058971741754823448e-01 -1.020327323944552944e+00 -1.826224498120035289e+00
7.855083665428880257e-02 -3.446761673444651009e-01 -2.661253306901762983e-01
-3.281165352988730244e-01 2.556991259473695433e+00 2.228874724174822575e+00
-7.661390738451181459e-01 -2.081822569827304903e-01 -9.743213308278486640e-01
-1.200270110279233249e+00 1.044859506827515994e-01 -1.095784159596481677e+00
1.478446318017688554e+00 1.309121530577487258e-01 1.609358471075437169e+00
-3.213775580826602751e-01 7.506363201283376974e-01 4.292587620456774222e-01
8.278103369968267122e-01 2.384599464430580795e+00 3.212409801427407618e+00
-1.304755641336063254e+00 3.685986023634609809e-01 -9.361570389726022734e-01
-6.838472989293710169e-01 5.943013106768852971e-01 -8.954598825248571980e-02
1.532833610564183768e+00 9.922325111905501149e-01 2.525066121754734105e+00
4.247958390431571529e-01 5.290631765956252952e-01 9.538590156387825036e-01
5.989832152377709829e-01 -5.542762654033378533e-01 4.470694983443312953e-02
9.070630506478406518e-01 -1.165864272921034450e+00 -2.588012222731937984e-01
-1.208632854576024540e+00 -9.979971618309961198e-04 -1.209630851737855561e+00
-1.065414873100917204e+00 1.565437585640317153e-01 -9.088711145368855160e-01
-2.954026483061201747e-01 -1.022129851529624878e+00 -1.317532499835745163e+00
-1.585894794842326178e-02 4.115903139697156821e-01 3.957313660212924411e-01
9.514089889848598158e-01 7.217623142189997232e-01 1.673171303203859539e+00
-5.667125174944928068e-01 -7.547042256809279870e-01 -1.321416743175420905e+00
2.115898662364112670e-01 4.211394798181960497e-01 6.327293460546072890e-01
9.211247477322809241e-01 9.567288183944472335e-01 1.877853566126728158e+00
-2.657526423412154282e-01 -9.679924001058357597e-01 -1.233745042447051077e+00
-5.751883907793079453e-01 9.785311564866781830e-02 -4.773352751306401132e-01
1.846577689677386225e+00 -8.594256925605434638e-01 9.871519971168427610e-01
9.690034638544685608e-01 -9.977268495702009687e-01 -2.872338571573240795e-02
-1.293488128632134249e+00 -5.585294914003977595e-01 -1.852017620032532008e+00
1.074447365903380414e+00 -4.363297713018551849e-01 6.381175946015251732e-01
-1.249137781639867439e+00 2.858076588787078709e+00 1.608938807147211270e+00
-8.385369658897650069e-01 -3.459784737348062245e-01 -1.184515439624571176e+00
-1.386830695236901112e-01 8.161201859623733457e-01 6.774371164386832067e-01
8.566429547651132070e-01 -1.089904655314409831e+00 -2.332617005492966245e-01
-4.094994395233325091e-01 -1.517400590553495743e+00 -1.926900030076828196e+00
-2.012269327355254767e+00 1.008654475611198809e+00 -1.003614851744055958e+00
-4.444116738472622119e-01 4.843450564644868894e-01 3.993338261722467752e-02
3.073862237472463343e-01 1.090776174731634907e+00 1.398162398478881130e+00
