-6.476126924729750378e-01 -8.410748119708152393e-01 -1.488687504443790388e+00
2.633618042601635900e-01 8.742026318870939061e-01 1.137564436147257441e+00
4.009509907499729797e-01 1.066241858056675484e+00 1.467192848806648353e+00
8.817626596768034508e-01 5.452323363414403046e-01 1.426994996018243755e+00
1.475569897968047328e-01 -1.546708411854018195e+00 -1.399151422057213434e+00
2.014652996993031575e+00 1.697997861778521855e+00 3.712650858771553430e+00
-6.884907745085206976e-01 2.418480333689883022e+00 1.729989559181362324e+00
-1.136746754919950808e+00 6.677666308645892057e-01 -4.689801240553616024e-01
5.635782591164335553e-01 5.254212535206349566e-01 1.088999512637068623e+00
-1.025013391018490649e+00 -1.911313338969741649e+00 -2.936326729988232298e+00
1.139004564607398962e+00 4.504573499538714332e-01 1.589461914561270284e+00
3.547846881030002897e-01 6.762722533869267583e-01 1.031056941489927103e+00
8.513738891200105519e-01 3.755327301506634075e-01 1.226906619270673904e+00
-6.906278816741137083e-01 1.380131582964454928e+00 6.895037012903412199e-01
1.997834430989925192e+00 -1.673139651318083510e-01 1.830520465858116896e+00
1.027911412758771625e+00 -9.515442681826474791e-02 9.327569859405069330e-01
1.424877946630516146e+00 -3.829961358210259154e-02 1.386578333048413603e+00
1.003840384959451937e+00 5.739717931692962100e-02 1.061237564276381606e+00
7.693676964102618143e-01 8.166481212571050086e-02 8.510325085359723429e-01
-2.044258828080594004e+00 2.414945226915456988e+00 3.706863988348629846e-01
1.220117695001021074e+00 -9.556777714515127808e-01 2.644399235495082934e-01
-4.002055582961207975e-02 9.511416016087363978e-01 9.111210457791243389e-01
-1.679784112540188890e+00 1.281169118752364944e-01 -1.551667200664952340e+00
9.770798008892758735e-02 1.965950747861280878e-02 1.173674875675403961e-01
-1.006847180363216410e+00 -4.001140730143206703e-01 -1.406961253377537080e+00
4.348750762054238300e-02 -7.985497354896319289e-01 -7.550622278690894973e-01
1.199835622111431882e-01 7.735294944922493920e-01 8.935130567033925386e-01
-5.453979376091653286e-01 -2.185449511681683832e-01 -7.639428887773337395e-01
-2.258451409209245142e+00 -8.556767728709140375e-01 -3.114128182080158957e+00
-1.994634812995560447e-01 -1.094852678857256789e+00 -1.294316160156812945e+00
1.259878265867699243e+00 3.719692826704257271e-01 1.631847548538124970e+00
2.003167095144213761e-01 -8.994422634066330247e-01 -6.991255538922116486e-01
-1.581358953621446739e+00 -4.730110630623721724e-01 -2.054370016683818800e+00
8.132538003865991127e-01 5.398634878738608478e-01 1.353117288260460072e+00
-4.334848284955408748e-01 -1.372395300393502771e+00 -1.805880128889043590e+00
1.360853193403184669e+00 2.053538889173204818e-01 1.566207082320505206e+00
-1.597685257715382612e+00 -1.457015358544519468e-01 -1.743386793569834614e+00
-1.691826893905641782e+00 -1.565049761365264303e+00 -3.256876655270906085e+00
-2.696512979790863240e-01 -1.010169885341711593e+00 -1.279821183320797973e+00
-1.259770433713878646e+00 -1.520181401147632450e+00 -2.779951834861511095e+00
6.008903989864160522e-01 -5.946906140176165811e-01 6.199784968799471052e-03
-5.480131982128447765e-01 -1.025555684734639428e+00 -1.573568882947484315e+00
5.169569169091651206e-01 2.514101013623482039e-01 7.683670182715133246e-01
-3.647695429180033977e-01 1.439269223502589901e+00 1.074499680584586558e+00
5.658648400791080890e-01 3.852430828572209753e-01 9.511079229363290644e-01
-2.722514508334210048e-01 1.022277238231717789e+00 7.500257873982967283e-01
1.706557787218455413e+00 -1.637874663930357078e-01 1.542770320825419761e+00
-6.203441957693115461e-01 4.814119496956744126e-01 -1.389322460736371334e-01
-2.355437575926689064e-01 1.950644060044967265e+00 1.715100302452298386e+00
-6.216046709402093251e-01 -2.069888165227144194e-01 -8.285934874629237168e-01
