-1.280961480617283543e+00 -1.653969897502860276e+00 -2.934931378120143819e+00
8.465267365363430274e-01 1.331069852873192572e+00 2.177596589409535710e+00
-1.818702960324849238e+00 -5.453226898235917497e-02 -1.873235229307208316e+00
-6.355595085196926730e-01 1.071506600391470387e+00 4.359470918717777144e-01
6.724950785511243367e-01 1.016458431694133635e+00 1.688953510245257972e+00
-1.065925739815800410e+00 -2.553590840359392100e-01 -1.321284823851739620e+00
2.408919509088653488e+00 1.109970942257439530e+00 3.518890451346092796e+00
-4.997457124317978838e-01 2.010614601076916141e+00 1.510868888645118258e+00
8.241113386521735640e-01 -1.390318383027937976e+00 -5.662070443757644123e-01
-7.967997282104525292e-01 -3.071856167941999782e-01 -1.103985345004652618e+00
1.586967577521278816e-01 -3.659047212804042437e-01 -2.072079635282763621e-01
1.224795055667769139e+00 -6.808072426719242731e-01 5.439878129958448660e-01
8.872835525141195001e-01 -4.340316189925635948e-01 4.532519335215559053e-01
1.958932396615063132e+00 -1.210248980935329843e+00 7.486834156797332884e-01
7.831484840716440576e-02 1.578798856631865033e-01 2.361947340703509091e-01
1.081306498562972340e+00 -1.404313497871211569e-01 9.408751487758512111e-01
-4.211199447222713221e-01 -2.010487290054468357e+00 -2.431607234776739901e+00
-1.545250234400565637e+00 1.196583803218849829e+00 -3.486664311817158080e-01
-9.306645568552657233e-01 -3.683826137823056901e-01 -1.299047170637571469e+00
-9.585407140956858640e-01 3.950377490025736016e-01 -5.635029650931122625e-01
7.644937608402628815e-01 -1.449622704855164645e+00 -6.851289440149017640e-01
-6.527680839686520464e-01 -1.273037695873307173e+00 -1.925805779841959220e+00
1.355347423046191269e+00 -1.196470439633566113e-01 1.235700379082834699e+00
-1.760632091251524090e+00 -6.064728720836010112e-01 -2.367104963335124879e+00
-1.933253594211254978e-01 6.956718700556861756e-02 -1.237581724155568802e-01
-7.838050292602555258e-01 -1.953267240297182683e+00 -2.737072269557438098e+00
9.352570813667011596e-01 -1.711449170215818993e+00 -7.761920888491178339e-01
5.349080585052367054e-01 7.047019530276710242e-02 6.053782538080038078e-01
-9.757755140913200176e-01 6.857616415329351733e-01 -2.900138725583848442e-01
6.912490193471199085e-01 9.216188549317834156e-01 1.612867874278903324e+00
-7.671697343046752771e-01 -4.808595450583325048e-01 -1.248029279363007671e+00
3.415173578823536837e-02 4.341531692080981553e-01 4.683049049963335375e-01
2.638855379758577036e-02 -1.164101523175472774e+00 -1.137712969377886907e+00
2.423363201718905291e+00 -4.197545098177272171e-01 2.003608691901177963e+00
1.344194429196194474e+00 -3.830438502821235658e-01 9.611505789140708522e-01
-1.086877549380387720e+00 -2.205591837043128223e-01 -1.307436733084700542e+00
-1.232975399655241944e+00 2.175952822991209790e-01 -1.015380117356120993e+00
-2.750749170482252315e-01 -1.405034323304197308e+00 -1.680109240352422484e+00
2.500313753892736135e-01 5.326607960680984633e-01 7.826921714573720212e-01
2.271461820561018197e+00 -1.293418798351127608e+00 9.780430222098905890e-01
7.200863111104344183e-02 -1.714389839596919707e+00 -1.642381208485876209e+00
2.229110323620047684e-01 -1.054410821722943536e+00 -8.314997893609388235e-01
-1.974377710392802854e+00 -1.925564521448936528e+00 -3.899942231841739382e+00
2.657372220810125946e-02 -2.091432941740813123e-01 -1.825695719659800598e-01
2.055375128346166314e+00 1.109827429580921912e-02 2.066473402641975543e+00
1.890586027512424661e+00 1.060857452928785777e-01 1.996671772805303169e+00
4.246681325197960710e-01 3.544202578237831136e-01 7.790883903435792401e-01
3.258389533162427409e-01 -1.061271241918700916e-03 3.247776820743240589e-01
2.677887234294344387e-01 -9.934283152832436015e-01 -7.256395918538092182e-01
-4.953061153101623315e-01 6.552811186298805879e-01 1.599750033197182564e-01
