8.499334923218672122e-01 -1.423535481935692959e-01 7.075799441282979441e-01
1.658246827418345504e+00 9.645803916255690780e-02 1.754704866580902411e+00
-4.636388209855184517e-01 -6.217194042164340129e-01 -1.085358225201952465e+00
-1.572217135193952064e-01 1.068944566997958173e-01 -5.032725681959938913e-02
-9.702259585981425349e-01 4.115429313225853480e-01 -5.586830272755571869e-01
-4.933383898490202313e-01 -3.749061534447145627e-01 -8.682445432937347940e-01
1.446558763519494861e-01 1.082481695224995599e+00 1.227137571576945030e+00
9.757744707767137538e-01 -7.591410843746632109e-01 2.166333864020505429e-01
7.013474288451232441e-01 -5.388541030701511358e-01 1.624933257749721083e-01
-4.961704573115080508e-01 -4.900285078625895574e-01 -9.861989651740976637e-01
-1.265389015139442241e+00 1.396998902986676117e-01 -1.125689124840774546e+00
1.306834985266601024e+00 -9.298357641117342975e-01 3.769992211548667260e-01
1.171956993681650516e+00 -1.203949605465207240e+00 -3.199261178355672364e-02
-2.879606605141382669e-01 -8.594608447986331612e-01 -1.147421505312771428e+00
1.867155827002576096e+00 -4.940951078067274960e-01 1.373060719195848600e+00
7.959484255497099037e-01 1.104734748815783707e+00 1.900683174365493500e+00
-1.225641985600567141e+00 5.518426237115934274e-01 -6.737993618889737135e-01
3.373889344929553724e-01 -5.364371572792205889e-01 -1.990482227862652165e-01
-1.197396887075290239e+00 -1.650163251799502406e-01 -1.362413212255240591e+00
5.114450153057181758e-01 9.023249580526471192e-01 1.413769973358365295e+00
-3.869920882678207219e-01 1.193173825251701903e+00 8.061817369838811809e-01
-4.081247914111257868e-01 -1.551133361568222346e+00 -1.959258152979348022e+00
-1.125742618631892844e+00 6.759397979746121221e-01 -4.498028206572807219e-01
4.800547809920019393e-02 9.791735668937969761e-01 1.027179044992997170e+00
2.363064968910703889e-01 -2.137871371256236663e-01 2.251935976544672258e-02
-1.422158931579011965e+00 3.352791898245776059e-01 -1.086879741754434470e+00
6.466462931623980295e-03 -8.775404551960515054e-01 -8.710739922644274991e-01
-4.534554853884224523e-01 6.585251359861901133e-01 2.050696505977676609e-01
-1.840149171352823965e+00 1.599969038461485304e+00 -2.401801328913386602e-01
6.559549144625766992e-01 -2.578531395517875247e+00 -1.922576481055298547e+00
8.281870414562884086e-01 -5.065178028535631816e-01 3.216692386027252271e-01
-2.064002950568831540e+00 -2.584795043435715867e-01 -2.322482454912403238e+00
-5.412002830242830242e-01 1.231842597454216648e+00 6.906423144299336236e-01
-6.174465690179788135e-02 -1.725341156169857282e-01 -2.342787725187835957e-01
-6.493607793855042665e-02 3.616135336162375480e-01 2.966774556776871075e-01
-7.126150690138761679e-01 -1.166140893255695365e+00 -1.878755962269571533e+00
1.500985534118021436e-01 -2.385805802421809008e-01 -8.848202683037875715e-02
-1.575743720371165724e+00 1.037774059586870523e+00 -5.379696607842952005e-01
1.446452566039943877e+00 -9.283426068291312783e-01 5.181099592108125984e-01
6.007962622857436763e-01 -1.293008964506141556e+00 -6.922127022203978797e-01
-1.061399854518226604e+00 -3.980495997467279889e-01 -1.459449454264954538e+00
2.523629208173519434e+00 1.155244023870151349e+00 3.678873232043670782e+00
9.893398949253011665e-01 -2.212658945969733781e-01 7.680740003283277328e-01
2.211018585908652856e+00 -7.632980565485341096e-01 1.447720529360118746e+00
1.006331504529075938e+00 -2.189378070661238240e+00 -1.183046566132162303e+00
-3.798628626580095036e-01 1.169509272636416880e-01 -2.629119353943678017e-01
-7.834188670113447772e-01 5.154370080253107833e-01 -2.679818589860339939e-01
2.079385331442060517e-02 -1.434734126468192983e+00 -1.413940273153772464e+00
1.775062096524206989e+00 -7.735936046422714485e-02 1.697702736059979900e+00
-1.005955968448311477e+00 -1.766972853719802616e-01 -1.182653253820291628e+00
