5.532101287496153930e-01 -1.841219968755600123e+00 -1.288009840005984730e+00
1.170951573773187704e+00 -7.897139990440983359e-01 3.812375747290893679e-01
-5.822340065195463765e-02 6.612468179332985363e-01 6.030234172813438986e-01
-1.473655117315679774e+00 2.201576627763709437e-01 -1.253497454539308720e+00
4.946146807255703548e-01 1.870137297746501170e+00 2.364751978472071414e+00
-1.555088921135583946e-01 2.039108252811317468e-01 4.840193316757335218e-02
-1.761258838708386509e+00 1.694267317314785970e-01 -1.591832106976907912e+00
-4.780619816457191973e-02 1.579868064401249994e-01 1.101806082755530797e-01
1.370103639746994340e+00 -1.599499062986577957e+00 -2.293954232395836179e-01
-7.828108422469527428e-01 1.047324727636860242e+00 2.645138853899074993e-01
-6.231337088202364427e-01 -8.698737801641144574e-02 -7.101210868366478746e-01
8.406239456783677344e-01 1.317535869330495935e+00 2.158159815008863447e+00
-4.598620981478220293e-01 -1.156748111269586682e-01 -5.755369092747807391e-01
-4.047645409509641468e-01 -7.570393504425361186e-01 -1.161803891393500265e+00
-5.403811696428933303e-02 1.757118981041993523e-03 -5.228099798324734038e-02
-1.518463333343089416e-01 1.024508961661532824e+00 8.726626283272238549e-01
1.270430255785768292e+00 -1.307250513900828803e+00 -3.682025811506051127e-02
1.587590713386908714e+00 2.278511347776726592e-01 1.815441848164581318e+00
5.617098367580507512e-01 1.305015035163273662e+00 1.866724871921324524e+00
3.241805300005433654e-01 7.378990708854861469e-02 3.979704370890919662e-01
8.117696446025791934e-02 1.138381247175455080e+00 1.219558211635713096e+00
-3.036511071301608577e-01 4.553824744481740905e-01 1.517313673180132327e-01
-1.451093246495619993e-01 -2.153489212535812936e+00 -2.298598537185374990e+00
5.278412061892366891e-01 -1.388512456307432252e+00 -8.606712501181955632e-01
1.229364323424143590e+00 -6.662972809653079365e-01 5.630670424588356537e-01
1.823366772456785079e-01 -1.166313727789646926e+00 -9.839770505439684456e-01
-5.446280724805858675e-01 2.654093206069719546e+00 2.109465133589133679e+00
-2.679886977288875038e-01 -2.102179097867844237e-01 -4.782066075156718998e-01
-8.539962588809602018e-01 -1.483806183373690635e+00 -2.337802442254650614e+00
4.699154412185853058e-01 -6.844091210216544097e-01 -2.144936798030691039e-01
-1.558363327283541988e+00 -1.183178151616353535e+00 -2.741541478899895523e+00
-6.448242471805638587e-01 1.789366577026598293e+00 1.144542329846034434e+00
-1.011567357877228623e+00 -1.475960720131285431e+00 -2.487528078008514054e+00
-7.530100492277129742e-01 -1.987834104178531902e-01 -9.517934596455661644e-01
-1.727103361726308184e-01 -6.968946658325113619e-01 -8.696050020051422358e-01
-1.660939321197273666e-01 -7.317572443929623582e-02 -2.392696565590236024e-01
-1.411202343434346806e+00 2.274994101252698186e+00 8.637917578183513800e-01
-5.451909944478473546e-01 2.297073475609240356e-01 -3.154836468869233190e-01
1.132973393437247261e-01 -6.958092781158604634e-01 -5.825119387721356956e-01
-7.683319244790917102e-01 -1.449704372716101419e+00 -2.218036297195193018e+00
-1.600581670327241857e-01 2.069517785042509939e+00 1.909459618009785808e+00
-9.562754624282761018e-01 -9.940774507861571685e-01 -1.950352913214433270e+00
2.994160337079369242e-03 1.257718949312679912e+00 1.260713109649759245e+00
6.608233080459334774e-01 6.900990227955652867e-02 7.298332103254899783e-01
-7.563210240312602251e-01 -1.171622854592409002e+00 -1.927943878623669338e+00
9.980634451529352136e-01 2.960233274052593289e-01 1.294086772558194598e+00
4.274488664566649110e-01 -1.168977056128332803e+00 -7.415281896716678922e-01
-9.653313422896598883e-01 -8.781161706559729163e-01 -1.843447512945632916e+00
-2.185766473094320206e-01 -8.802850028015170025e-01 -1.098861650110948940e+00
5.802454850183813573e-01 -1.211804701391452133e+00 -6.315592163730707753e-01
