1.061350075820064909e+00 -5.284527289672265038e-01 5.328973468528384050e-01
1.028441836019890476e-01 -9.769466851203433277e-01 -8.741025015183543356e-01
-1.392507298619904965e+00 3.374814610181936292e+00 1.982307311562031327e+00
1.311643356732469456e+00 -5.811499273464111326e-01 7.304934293860583239e-01
-2.281064855767915567e-01 -1.277460931967715263e+00 -1.505567417544506847e+00
-1.472354646474961726e+00 -1.560542729081220825e+00 -3.032897375556182773e+00
-6.353643813999693135e-01 9.642937425873875368e-01 3.289293611874182233e-01
1.593842496802446274e+00 7.319191090220774631e-01 2.325761605824523848e+00
5.571401059118610277e-01 1.454087125897687294e+00 2.011227231809548321e+00
1.401803964171788319e-01 -7.764084319629900310e-01 -6.362280355458111991e-01
1.266229133856496603e+00 -1.884483798767220941e+00 -6.182546649107243386e-01
1.629147705147485636e+00 -2.904167777480599621e-01 1.338730927399425674e+00
1.062523054241369946e+00 -4.230997136913471346e-01 6.394233405500228118e-01
1.098046178926850525e+00 -2.242284597461877471e+00 -1.144238418535026947e+00
-1.773361455807012321e+00 9.861566421688154616e-02 -1.674745791590130706e+00
1.345006071118041713e-01 8.881287841083507217e-01 1.022629391220154949e+00
-1.716976878962724218e+00 -6.144362989461422675e-01 -2.331413177908866707e+00
-2.192551359999076244e+00 2.205484294735450934e+00 1.293293473637469049e-02
-9.729506160400054338e-01 1.565734991929730757e+00 5.927843758897253235e-01
-7.508885882509100940e-01 -4.621685205446413591e-01 -1.213057108795551509e+00
-8.402760401858989647e-01 1.305454772350633119e+00 4.651787321647341544e-01
4.882202578157728290e-01 6.090557566874075235e-01 1.097276014503180352e+00
-1.489574843098748769e+00 7.997469439338650288e-01 -6.898278991648837399e-01
-4.847806507091046990e-01 2.285700584705993021e-01 -2.562105922385053969e-01
-8.048745597913866678e-01 -9.535769239836642264e-01 -1.758451483775050894e+00
3.761487291590073778e-01 -7.268817668814203659e-01 -3.507330377224129880e-01
1.062309730375137429e+00 -1.666158159405576322e+00 -6.038484290304388935e-01
-1.971276149797424604e-01 1.344465617008585800e+00 1.147338002028843285e+00
1.642894641993851157e-01 -1.517075388428610117e+00 -1.352785924229225056e+00
-2.691013775408509723e+00 -3.723575266749394874e-01 -3.063371302083448988e+00
4.716653659988989666e-01 1.623701716107951665e+00 2.095367082106850631e+00
-1.727515973858137155e+00 -5.630458023011152696e-02 -1.783820554088248578e+00
7.467668768807673718e-01 -1.771653163079045967e+00 -1.024886286198278595e+00
-9.418131038839946401e-01 -5.703599429802137522e-01 -1.512173046864208281e+00
7.013184041884937825e-01 1.178157260379896432e+00 1.879475664568390325e+00
1.425167668879397387e-01 -1.707609965694515619e+00 -1.565093198806575936e+00
-5.889729024286078918e-01 -3.744901045337744594e-01 -9.634630069623824067e-01
7.347578066884044579e-02 7.948009122875767662e-01 8.682766929564171843e-01
1.117546088651664160e+00 -7.467606112804209273e-01 3.707854773712432328e-01
4.488099044634871748e-01 5.042701885083662461e-01 9.530800929718534764e-01
-2.351909205447264284e-01 8.535747448687934780e-01 6.183838243240670218e-01
8.583442936478696828e-01 2.247812063639100522e-01 1.083125500011779652e+00
-1.277724353149973791e+00 1.805942490332271555e-01 -1.097130104116746718e+00
2.591331340223930191e+00 2.451698979158097591e-01 2.836501238139740089e+00
-1.384692062157112380e+00 -1.829214905062282182e-01 -1.567613552663340570e+00
-7.385487444054621431e-01 -3.986796083492311071e-02 -7.784167052403851983e-01
-2.040177249316966201e-01 -1.465281306721963217e+00 -1.669299031653659782e+00
-6.977697026657487811e-01 4.640658065041960989e-01 -2.337038961615526822e-01
1.512198458316702521e-01 8.846070069063977082e-01 1.035826852738067849e+00
8.495509950373889563e-01 -8.677391755728987022e-01 -1.818818053550974589e-02
