-6.292674807819996774e-01 1.806166847505173423e-01 -4.486507960314823351e-01
-1.025909934692932346e+00 -3.539752316649035446e+00 -4.565662251341967348e+00
-5.127918663958098977e-03 3.928245813537279973e-01 3.876966626897698776e-01
-1.273033135016307327e+00 -1.036283639707357818e+00 -2.309316774723665144e+00
3.670256341250720256e-02 9.950352624456297868e-01 1.031737825858136892e+00
-5.738866436753562450e-01 -1.675355615053335523e+00 -2.249242258728691546e+00
-9.107166999548618191e-01 2.788645008634438316e-01 -6.318521990914179876e-01
1.356492139550107723e+00 4.268788170653634029e-01 1.783370956615471181e+00
-5.008901410974716389e-02 5.856442859428486747e-01 5.355552718331014761e-01
4.330811793306064694e-01 1.091122869667956019e+00 1.524204048998562433e+00
-1.396268905899466228e-01 -1.227389029635423290e+00 -1.367015920225369996e+00
-1.019475849351989538e+00 4.008348058073610276e-01 -6.186410435446285661e-01
1.142021774551917890e+00 6.176874660742271983e-01 1.759709240626145199e+00
1.784999588494294853e+00 5.991718921176582974e-02 1.844916777706060662e+00
-1.618202730166160563e-01 1.018476638722268790e+00 8.566563657056527337e-01
-7.642877129965768290e-01 -1.415929225626415100e+00 -2.180216938622991929e+00
8.239780966097680626e-01 -4.932603844506364688e-01 3.307177121591315938e-01
-7.368477923930412121e-01 8.216625331099938201e-01 8.481474071695260797e-02
1.686708537601517177e+00 -1.255171512927963251e+00 4.315370246735539261e-01
3.525990246550567142e-01 1.199544970700898938e+00 1.552143995355955708e+00
5.207711245690976876e-01 -1.453144753963707236e+00 -9.323736293946095488e-01
8.027279179987736324e-01 8.054561095420124106e-01 1.608184027540786154e+00
-2.053823841519932358e+00 -9.963994613345178442e-01 -3.050223302854450314e+00
7.253616392587117767e-01 -1.340805408625260542e+00 -6.154437693665487652e-01
-2.999746080913862634e-01 1.017518331827940825e+00 7.175437237365545062e-01
4.470811882197202047e-01 2.256412731513982806e+00 2.703493919733702899e+00
-2.008768047598668005e+00 5.278655456979725047e-01 -1.480902501900695611e+00
-2.109658924234590671e+00 1.080107374032420298e+00 -1.029551550202170374e+00
-1.880743329604101843e+00 1.615165896457312622e-01 -1.719226739958370498e+00
2.071226421038300236e-01 -4.313308792842569517e-01 -2.242082371804269281e-01
3.503851805044710388e-01 5.472974282449716288e-01 8.976826087494427231e-01
-2.468381242205766601e-01 3.758315235457520553e-01 1.289933993251753952e-01
-8.964648885756518748e-01 -5.600949261341112151e-02 -9.524743811890630241e-01
1.592195416489189108e-01 2.765871426386842469e+00 2.925090968035761296e+00
-8.705585358066614265e-01 -1.719804222705776597e+00 -2.590362758512438024e+00
1.480780722352955658e+00 1.092812195571147615e+00 2.573592917924103496e+00
-1.950849328690158258e+00 4.618751372006528744e-01 -1.488974191489505383e+00
5.557395035417241891e-01 -4.124654398356809581e-01 1.432740637060432309e-01
9.826214599316465126e-01 -5.995443613440732955e-01 3.830770985875732171e-01
4.548787154046955439e-01 9.851954561670095423e-01 1.440074171571705142e+00
-2.579135720086465078e+00 1.312345603791765569e+00 -1.266790116294699509e+00
-4.834685852017333030e-01 -6.624554875905078744e-01 -1.145924072792241066e+00
-4.418914987637013181e-01 1.790820439231441963e+00 1.348928940467740700e+00
5.851202278441632876e-01 2.253729442194198681e-03 5.873739572863574399e-01
-1.093404627784591909e+00 1.624496805030182678e+00 5.310921772455907686e-01
-1.461109363408299666e+00 2.120000282952882564e+00 6.588909195445828981e-01
1.534108775293544225e-01 -5.989103503789189320e-01 -4.454994728495644818e-01
-1.053402245336156229e+00 -6.831355137213672712e-01 -1.736537759057523500e+00
1.635484936937053602e-01 5.637776398921726662e-01 7.273261335858780541e-01
-1.190918670067069529e+00 -1.770895042856844626e+00 -2.961813712923913933e+00
