-8.044702937852563629e-01 -9.283640010573060430e-02 -8.973066938909869394e-01
-6.453006870336873702e-01 -7.635610298231896298e-01 -1.408861716856876889e+00
-2.397548522024366691e-01 7.465563036182628620e-01 5.068014514158262207e-01
9.543155767344974061e-01 1.458899669390119058e+00 2.413215246124616353e+00
-1.147766093863539449e+00 6.091497415856104158e-01 -5.386163522779290336e-01
-1.948212589643809611e+00 1.317234755226884602e+00 -6.309778344169250097e-01
1.272478511087926367e-01 2.354042186690548100e+00 2.481290037799340542e+00
8.511909553416483476e-01 2.281547777388324705e-01 1.079345733080480763e+00
-2.966671554853069104e+00 -7.333202006756719404e-01 -3.699991755528741155e+00
5.651395220124676433e-01 1.198282307372902505e-01 6.849677527497578522e-01
-1.109583850568530705e+00 1.642517916471638098e-02 -1.093158671403814397e+00
-2.229734921731497121e-01 1.441188351150001490e-01 -7.885465705814956316e-02
-1.854891955060431197e-01 1.107436994364010135e-01 -7.474549606964210613e-02
1.032789868670745514e+00 8.937142708111438516e-01 1.926504139481889366e+00
-1.292377828454950306e+00 4.530446510636007562e-01 -8.393331773913494942e-01
9.288535858905686560e-01 -2.073562908458331522e-01 7.214972950447354760e-01
7.079789292622620245e-01 1.831400952860783304e+00 2.539379882123045107e+00
-4.856890529981724436e-01 3.164133023260579103e-02 -4.540477227655666526e-01
6.527660500775649410e-01 6.092750966764989839e-02 7.136935597452148672e-01
-7.865352694218306073e-01 -2.291628733287419895e+00 -3.078164002709250724e+00
1.454108983173494796e+00 -1.047872919005705894e+00 4.062360641677889017e-01
2.535818249666425550e-01 1.076426156979797488e+00 1.330007981946440099e+00
-8.992028038945120150e-01 1.082541224476102348e+00 1.833384205815903334e-01
-1.634817405244083810e+00 8.863769890258867967e-01 -7.484404162181970133e-01
-1.822550651926701515e-01 6.020594148560709513e-01 4.198043496634007998e-01
2.860469787865068114e-01 6.777308282902870795e-01 9.637778070767939465e-01
-9.561070386859615855e-02 8.391882409739074289e-01 7.435775371053112703e-01
-1.868522745458773282e-01 -6.655490059512023659e-01 -8.524012804970797497e-01
-7.889399228873708037e-01 6.588057833484808334e-01 -1.301341395388899702e-01
-1.813999137285091379e-01 -1.452657972822551047e+00 -1.634057886551060212e+00
-1.161946455693031899e+00 -2.443841158723245144e+00 -3.605787614416277265e+00
2.339725625149737809e+00 1.715167014869447781e+00 4.054892640019185812e+00
-4.017342562174827103e-01 6.977229081976447089e-01 2.959886519801619986e-01
-1.462105599222860153e-01 -1.002124421192819526e+00 -1.148334981115105569e+00
-1.201809768961577429e+00 -7.049414458045786258e-01 -1.906751214766156055e+00
1.855069079890002470e+00 5.869171218589638306e-01 2.441986201748966412e+00
-8.004035003793033010e-01 9.777214626025265698e-01 1.773179622232232688e-01
4.186985063523945283e-01 -6.444050064158060032e-01 -2.257065000634114749e-01
5.680899226904493338e-01 -4.867214465183063860e-03 5.632227082252663219e-01
4.186192880236997982e-01 1.736393181332996472e+00 2.155012469356696325e+00
6.375217252023739345e-01 1.689615052274690665e+00 2.327136777477064378e+00
8.095586006884510910e-01 -1.608578040907237217e+00 -7.990194402187861256e-01
-9.818723362340260330e-01 -1.035550554016140712e+00 -2.017422890250166745e+00
-3.176300335922996321e-01 -4.763782470205286113e-01 -7.940082806128282433e-01
7.966363642188977190e-01 -7.807863282865957766e-01 1.585003593230194241e-02
5.826429210754188182e-01 1.259610164036374824e+00 1.842253085111793531e+00
4.050511445324739834e-01 -5.950854888882465277e-01 -1.900343443557725442e-01
-2.555669348685985498e-01 9.134436754782002676e-01 6.578767406096017734e-01
-5.953355149506218691e-01 1.060016527701392430e+00 4.646810127507705612e-01
1.097346405198271757e+00 -1.201498061734247669e+00 -1.041516565359759117e-01
