1.283197725930308453e-01 8.649441533356465595e-01
1.541596660412854369e+01 -1.205598231596436776e+01
-1.205598231596436776e+01 9.522614549661049921e+00
1.016697064487574576e+00 -3.956009952677661534e-01
2.937043253851349789e+00 -5.822522533081422313e-01
-2.049433417594623830e+00 2.706937716435876329e+00
-5.127405658398927812e+00 5.033094996281922029e+00
-4.267091614193971871e+00 4.267128432113259429e+00
-3.687021082664424743e+00 3.889462689449992183e+00
4.697430087062185677e+00 -3.012013513428488665e+00
1.681582545069323587e+00 -6.495106923574358593e-01
3.763552994468124524e+00 -1.881550558391240413e+00
3.194172047409074899e+00 -1.911421180718227530e+00
-3.590552680427173460e+00 4.180261853460081944e+00
-6.089957067023663129e+00 5.408771004855459807e+00
2.815720594448316128e+00 -1.263240782087491576e+00
-1.190270161475173172e+00 1.686960745915711435e+00
3.201581149703407014e+00 -2.252304761225745189e+00
4.604923410439451636e+00 -2.703223223360597061e+00
9.259064664822213020e-01 2.740041663574308561e-01
1.945164861149223601e+00 -2.049972419424888059e-01
3.290059945158052557e+00 -1.526194910819365314e+00
2.521637031023091335e+00 -6.515462029739973460e-01
-5.072632589690425853e+00 5.232617143175971819e+00
-4.824309575956557516e+00 4.767957815500237118e+00
2.275595331937311228e-01 8.456750772206069744e-01
7.185373230066351979e+00 -4.906150757232140336e+00
4.216509789399963459e+00 -2.472330324131415402e+00
4.226254815339324011e+00 -2.157545929364249382e+00
-3.423579261691461095e+00 3.993121407739970152e+00
-3.070852327838122342e+00 3.336349647060648849e+00
3.113035478012245783e+00 -1.840767430522822989e+00
-3.161821566966146690e+00 3.648701810353584207e+00
6.508323110938104783e+00 -4.514591784533496188e+00
1.886041944837944406e+00 -6.718626444515396479e-01
-4.021940788694259972e+00 3.802432225166967328e+00
-9.897203668212423366e+00 8.594802074258035773e+00
8.789087755622089659e+00 -6.141832487927402440e+00
-1.110267873966030550e+00 1.730629466318875931e+00
1.009418215418297748e+01 -6.985216078222397762e+00
-1.150841088137313228e+00 1.874745323487783555e+00
8.453897191884895079e+00 -5.569494244086722112e+00
6.283262387926353831e-01 5.206687142928314582e-01
-2.298894556904441000e+00 2.236030597162731226e+00
-1.395971713132940550e+00 2.314575719817005162e+00
2.629742189092873161e+00 -1.016594411749331517e+00
-1.825856658344212402e+00 2.259079495589451092e+00
2.703295410614184213e+00 -1.229878158356491946e+00
-5.280444514047247573e+00 5.010263200772690162e+00
6.729947832159758336e-01 4.498454514071575927e-01
-1.135037459258433135e+00 1.854040672805669310e+00
-1.041803246524851900e+00 1.291149290916704828e+00
4.772903239524419305e+00 -2.847396628823886111e+00
-1.663409825108889351e+00 2.262503372986198968e+00
8.604215650588812991e+00 -5.663167993120888255e+00
-3.365517078486782498e+00 3.881672025676672355e+00
1.542272645517583474e+00 -3.274146282292018650e-01
3.265166514404688414e+00 -1.376982922509096818e+00
8.963017426619090955e+00 -6.175293146534503563e+00
2.664584821696697858e+00 -1.473102856542001016e+00
-2.399802073600781349e-01 1.726991699890032095e+00
1.022059748086699749e+01 -6.716092281138271503e+00
-1.971343843884948210e+00 2.395649409653584527e+00
2.036352074439724547e+00 -6.958202511204747420e-01
-4.879319865845181958e+00 4.644583175661951557e+00
5.565948014657140508e-01 4.338526963416983184e-01
7.596485145660131444e+00 -4.926339765228579637e+00
-2.242672577531640066e+00 2.875168527309144295e+00
-1.352832876995579969e+00 2.192298215470563250e+00
6.679039658993625395e+00 -4.544659361376960582e+00
-5.676315826259792807e+00 5.049555474790384579e+00
1.392729293709397353e+00 1.152889231259678349e-01
-2.787566600557731977e+00 2.794680044727498647e+00
1.064452880537780866e+00 -1.429881254540132929e-01
4.811366531903304988e+00 -3.025204450120730471e+00
6.651459004397297647e-01 1.945862801302739031e-01
3.343399752629447885e-01 7.405440638255168517e-01
-4.286843498892950466e-02 1.230242964131794015e+00
2.590191426076958070e+00 -1.117824298846322062e+00
1.882538264314305709e-01 7.680764391821645054e-01
1.578267944431118064e+00 -4.245647746000718037e-01
1.018884579273838575e+00 8.171802350791974590e-01
-4.959904779836923350e-01 1.461678514669333184e+00
1.125755166903363413e+00 -1.681716093878551366e-01
3.232216720565536328e+00 -1.926800915572017603e+00
4.642134577906353421e+00 -3.017219682102089351e+00
3.836294902304381971e+00 -1.789854235011153039e+00
-7.327789342576815912e+00 6.792856867830200152e+00
1.567107596383837453e+00 -5.393817656199837440e-01
9.192219537191563816e+00 -5.851269745602673211e+00
-3.680115058882493795e+00 3.722779489049035995e+00
7.449215950571722589e-01 5.139146919813379899e-01
-1.360194068123580013e+00 1.776593162367822165e+00
2.908276530102420931e+00 -1.194275834064189246e+00
7.174435549819218050e-01 4.989716151938575761e-01
5.571258853560670410e+00 -3.018196791273425994e+00
-3.578960860053249426e+00 3.877960530588976162e+00
-9.515287983741718136e+00 8.271564188447001698e+00
2.249738507927267206e-01 4.257571652849727606e-01
-3.544516627976473266e+00 4.155792660666260296e+00
3.582241892054076615e-01 7.157152230504583157e-01
-7.530874524635659206e+00 6.820691299576624900e+00
1.366214562327162874e+00 1.541581489775116776e-01
