2.823103901366535995e-01 6.404052131876583065e-01
9.123735559657934147e+00 -1.061809951709608235e+01
-1.061809951709608235e+01 1.705003401703475063e+01
-4.775284845262151912e+00 8.439847146485696783e+00
1.888950320505324409e+00 2.919167067221106748e-01
-1.975021554065116813e+00 7.950925078919564015e+00
-1.636416427598383017e+00 3.442684524245998468e+00
8.714626981919728621e-01 -3.222455510987778382e-01
1.121793865189357753e+00 -1.332484375328244708e+00
-2.506853790754547617e+00 2.452800270320829590e+00
-1.017638899372084182e+00 2.021060683811650271e+00
1.438397849864986977e+00 -3.546085193553967230e-01
-8.905861319260618414e-01 5.813624542848370602e+00
1.278175941438689733e+00 -3.280547315470800918e+00
-1.146989391857691665e+00 -1.816156792471221637e+00
-4.324286550665804363e+00 5.800070283600255117e+00
-3.226570908712342867e+00 6.334439917062103298e+00
1.328800695272449317e-01 -1.643912301712473489e-01
-8.845353368165016050e+00 9.907270594069098379e+00
-1.370898039940226631e+00 1.676474692094319874e+00
5.078974762708345914e+00 -3.940159765721955587e+00
-2.375665932063845798e+00 4.089024571004447495e+00
1.601584788304696527e+00 -1.098011833278275562e+00
6.994891153258578242e+00 -6.123200767673231404e+00
-2.213575973866368507e+00 4.402267067845990312e+00
1.322910992184136880e+00 -1.976692029696366371e+00
-1.365056815802426105e+00 6.692215758215223964e+00
1.334140260357485008e+00 -3.298503109543633016e+00
3.804408250388866986e+00 -6.139841236055572082e+00
5.738166604984031416e+00 -2.710024892804419494e+00
1.322016522462538202e+00 3.270403865066613847e+00
-1.070928424490263708e+00 3.290121255342546291e+00
-1.397840643521671478e+00 4.837158139161941151e+00
-3.419587382375584905e+00 6.177539493372996127e+00
2.624635154954259697e+00 -5.699927647126533437e+00
2.633158549434212237e+00 1.168219474517893097e+00
-4.725573142605126620e+00 4.301176106771593233e+00
-3.426208525113364489e-01 1.671676631047198658e+00
1.191933759163126716e+00 -9.581574385885911482e-01
-6.447179311326205919e+00 1.215016624187641625e+01
3.653666969059595981e+00 -3.145296417804288147e+00
3.724279119234714663e+00 -1.499157339216756535e+00
7.831101040415485492e+00 -9.306249139752052812e+00
4.050038882083918601e+00 -5.932506185237524043e+00
6.177616561206829893e+00 -5.041249976432912838e+00
2.286071484733328329e+00 -1.502470176756557363e-01
-1.212484924117099627e+00 1.578580659425494748e+00
2.368357562097826552e+00 -2.658319714140549017e+00
2.471655488117563859e+00 4.273739208388112054e-01
-5.379804716839717837e-01 2.749559721985964877e+00
2.515578318465014007e+00 -2.350008500923704169e+00
6.317700292417279151e+00 -7.043194369545203948e+00
4.725680428846707137e+00 -5.255282836856411066e+00
2.232573783442869164e+00 6.790276826925278897e-01
2.114511168240393868e-01 -2.021394155691957906e-02
-2.466247993418123396e+00 1.877911730706769422e+00
-2.138023861334060083e+00 3.999461054484841904e-01
-1.959649975957117318e-02 1.132890278896073966e+00
1.548358434169553988e+00 -3.164076135756854313e+00
2.188666228426946248e+00 -2.521053089849682571e+00
2.001986661509368215e+00 -2.766437512396184850e+00
3.022947693995990726e+00 1.347914562003672323e+00
-4.963548520932305586e+00 5.950158548265997105e+00
3.458541816147787440e+00 -5.785826023474077040e+00
3.452086528518238495e+00 -4.551003887367481404e+00
6.006222521153664617e-01 1.432253895176833214e-01
5.210194662300975388e-01 -1.282129980495528621e+00
4.438239985136627652e+00 -5.830314540343814578e+00
-2.017009544598540316e-01 -8.331926356498851050e-01
-1.848072211020937328e+00 3.903591665670603561e+00
4.278891950765340901e+00 -5.882148491701614468e+00
7.192820266779568206e-01 -8.216795614471901210e-01
4.666082071171661738e+00 -3.092712581049301690e+00
3.119206483566563382e+00 -4.467673562151666999e+00
1.261430496472223606e+00 -5.027425129734255371e+00
3.529265764931294846e+00 9.044622478005326371e-02
-2.196454207031391714e+00 3.995132126374458359e+00
-4.054289056834813110e+00 6.332119720975181387e+00
-1.157034945249315605e-01 2.152701631250588221e+00
1.160790206929869228e+00 5.019765351885863147e-01
-8.362904933571549959e-01 6.082399976812249420e-01
-9.411770697251850004e-01 1.865667909888932607e+00
3.047639785878922813e-01 -1.336115564430356617e+00
-3.808545771597263929e+00 1.049353776003720817e+01
2.530959627262958200e+00 -8.494949507513422926e-01
-2.215043784213177602e+00 3.530567903594347356e+00
-4.945137568466151379e+00 5.861734324456755019e+00
2.852436422083900691e+00 -3.264539636528068556e+00
-1.768709128416211751e+00 2.697539776906602960e+00
6.404206394597819596e+00 -2.869317629929881264e+00
2.930200124804875017e+00 -1.560705896341638477e+00
3.914252034190149332e-02 3.379672876196181619e+00
-1.599827792671251636e+00 5.102558762521566260e-01
-1.084994020607521925e+00 5.010129572283190669e+00
4.064378396942244009e+00 -5.870438720737871208e+00
2.275995073621044806e+00 7.808264216617041287e-01
2.968814649987795207e+00 -1.682859013905211976e+00
-9.394621363751324283e-01 2.408198424964395623e-01
-2.485974678037750518e+00 3.840858383022168532e+00
-4.126816592869041678e+00 3.239847205871762448e+00
-4.090022997498742319e-01 2.937207710031967345e+00
5.439512485096815730e+00 -9.012669005060425675e+00
-1.293865804856611845e+00 8.957052440671771087e-01
