5.542404034836634352e-03 5.453090571069533210e-01
1.506618109900258062e+01 -5.835010143311455622e+00
-5.835010143311455622e+00 1.763818423396373802e+01
-4.715295632776689061e+00 -4.851385453884693000e+00
-3.538887382859926767e+00 -3.334410257845374925e+00
-9.832110710578213286e+00 7.417113091157304439e+00
5.959030359617941697e-01 1.777521426610207289e+00
3.307447250882909806e+00 6.540828694629966300e+00
-5.843198933836692532e+00 3.577536457178358997e+00
-2.947591549607516681e-01 5.578405194327938688e+00
-1.979467458790322487e+00 9.802436940077466687e+00
-3.466997437346218902e+00 4.349959703081181850e+00
-9.103440118603801423e+00 2.862777508972961904e+00
-3.782076048881522823e+00 5.276436470374728849e+00
-3.606586222723834112e+00 6.303890281147640273e+00
1.611845435457045062e+00 -8.207349732251818963e+00
-1.474475944959589668e+00 4.371190733015147600e+00
3.750649689761194061e+00 -2.543922773750215693e-01
-5.213994752724944171e+00 5.535940459282741033e-01
3.991733529316079832e+00 -1.297781068303880847e+00
-1.262689953382041885e+01 6.241408415252339026e+00
-3.274298222079327303e+00 -3.660271293310088936e+00
-4.046606254706775374e+00 3.976873895472808229e+00
2.183213632286677530e+00 4.845251303233553131e+00
-2.796733077394457645e+00 -1.604674455014543089e-01
-4.592422243636877788e-01 3.374982931720223789e+00
1.780137745601226174e+00 4.852681471962785764e+00
1.547584445111431783e+00 6.628950423863003927e+00
-7.729041395144342630e-01 5.448767050481293950e+00
4.666059727002587643e+00 3.615198578542296648e+00
3.016878512438768034e+00 4.511299393989298245e+00
7.359083529691234915e-01 -5.081683722140953208e+00
-3.330703175699150975e+00 -7.623775047010582284e+00
-3.389274813277458165e+00 -6.777703367646037869e+00
2.309416899475868590e+00 5.075745789535112351e+00
-4.082370810891813306e+00 -8.221419834021023831e+00
7.004092508916921922e+00 -6.042824230688391474e+00
-1.701619630965847785e+00 6.074884433932841610e+00
3.346615892253423041e+00 -4.441239234066056696e+00
3.001667969350771514e+00 -1.494353613818427462e+00
-5.083537144049852685e+00 -5.263976963663957953e+00
-3.537338727904757008e+00 -2.190067556752168354e+00
-3.601909904155395914e+00 -3.499601357183027339e+00
-7.021359044105802694e-01 1.206737302855777072e+00
-7.842587066025071607e+00 5.159384901664773260e+00
-4.782570145936698935e+00 1.319916538298956610e+00
5.634030265775036739e+00 -4.468323817989723779e+00
1.355576802484519838e+00 8.653518761008177629e-02
-8.749758104139325754e-01 5.398152724237190725e+00
-2.114745561202497015e+00 5.006661015189266095e+00
-4.510071794756410846e+00 1.751740097949859187e+00
-1.897823377777658083e+00 -4.496686061411130808e+00
-1.183973347175863111e+00 -8.322538748584012325e+00
1.107338588607237995e+01 -6.695861173740424555e+00
5.963004364272775248e+00 -1.635634367010924795e+00
-1.095337666640589402e+00 1.721897242497561376e+00
-3.770714075642662699e+00 -1.814047671747063717e+00
1.046088504144811138e+00 3.922874435353354450e+00
-2.866965209026485439e+00 4.032732963507537960e+00
6.705660020857877601e-01 3.205527388065971373e+00
4.789289784934487315e+00 -8.632491317975593548e-01
9.064072672563394661e-01 2.296046975144451441e+00
-1.593248906940225362e+00 -1.614452635334403752e+00
-1.072945233279771760e+00 2.344976179259365967e+00
5.295866318536494255e+00 -1.724273655183885090e+00
3.360284664251816267e+00 1.333251058115870746e-01
-5.266691785559341810e+00 -9.728682640412568139e-01
-8.684535752085105198e-01 8.313170011678174376e+00
-3.025684465245827681e+00 -5.153083720802812406e-01
1.231373079844551022e+00 -5.503649591263685359e+00
2.528258594664089642e+00 -5.249822738003847578e-01
-7.278041192178502428e+00 1.163604499424342720e+01
-1.142278893373182974e-01 -5.738201384449052256e+00
5.978671778556393868e+00 -2.570792896912783121e+00
-2.847643269404970257e-01 1.431163425626220675e+00
-1.154779207179242206e+00 4.712763037094232388e+00
-2.666099663617166549e+00 -1.490982198851466212e+00
-2.554336449014712684e+00 -1.439937125089817194e+00
-7.324812863640276284e+00 2.186336299346612222e+00
4.577286888863787873e+00 3.482956396633918317e-01
-2.507088447874461501e+00 -5.174695859707588719e-01
-2.604848351578214150e+00 -4.287836306259380947e+00
-2.652915749058339934e+00 1.362775505204863791e+00
-3.754493842042267993e+00 -2.571518116440844715e+00
-3.167894981038688051e+00 1.123390821792988437e+00
-2.738934597810770200e+00 3.617389257105521949e+00
-4.751301218597710374e+00 1.072413882414775088e+00
7.787736791611712395e-01 1.187278146086447439e+00
9.282748368159569052e-01 1.981518220479718817e+00
6.487284489910749130e+00 3.016002386407921954e+00
5.586134135545389512e+00 -3.737781387948048817e+00
4.987915654376849361e-01 7.744087920882332554e+00
3.695062646204909207e+00 1.346723704220826434e+00
2.610167592616329024e+00 1.481811571677611461e+00
6.972923416015687215e-01 -4.736036349861645789e+00
5.435341202437416364e+00 3.900884825415362744e-01
-2.708890003951349157e-01 5.562197847593378652e-01
-4.929940958493678416e+00 3.958093289486230404e+00
2.380639794850864660e-02 -6.529112463155708035e+00
9.418751279218333661e-01 2.898894893230972158e+00
4.509909149326190025e+00 -3.510948964497370817e+00
-2.319356398317356849e+00 4.205922289960143168e+00
1.134444870559045171e+01 1.457463404351115432e+00
