4.098622504042090942e-01 9.630669305867339824e-01
1.266732239584538355e+01 -2.397099716287191651e+00
-2.397099716287191651e+00 2.041715627957760404e+01
-1.199347105823025617e+00 4.180224556013265591e+00
5.167535266142937012e+00 -3.497479059536010570e+00
5.030859704428087831e+00 -1.410513948772436521e+01
-2.925167473455706713e+00 -4.043114473010706256e+00
5.734491191609077942e-01 -1.341802717709535298e+00
-3.674569222345574815e+00 6.992155005320888961e+00
-2.203349334345388044e+00 3.859528556470319671e+00
3.132441341440522997e+00 7.118313535892411004e-01
6.642587127693487581e+00 -4.198345034496891337e+00
8.878713373789739460e-01 -7.659263990892728469e-02
4.907661297919536203e+00 6.455485472598634367e+00
-1.600129542368864177e+00 2.340324066485107934e+00
-3.606335142167752528e-01 6.713853469132142315e+00
2.164614568143317541e+00 -4.672459992244579752e+00
1.547621747263143721e-01 2.593531061687938788e+00
6.773879416982848234e+00 4.724824355651336405e-01
4.648794469853399391e+00 -3.992142176244556584e+00
8.516439170356370214e-01 5.766102082034848308e+00
3.209661703726098381e+00 6.795793712130148378e+00
3.316221942864361338e+00 3.359157600361527773e+00
7.084495719516889167e+00 7.524352692270010579e+00
4.542511467325745400e+00 -8.515685751572122930e-01
9.312580013519945465e-01 -2.563199137666364313e-01
-6.725076515283770817e+00 9.021139335230637935e-01
6.413592875965608009e+00 3.465610692612347776e+00
-2.362924366853605740e+00 -8.223495089677502534e+00
5.745826229481363789e+00 2.134743928363832310e+00
5.560180531891986133e-01 1.404611479933143503e+00
-3.599743359173809942e+00 -2.327782373029182228e+00
4.283833945258817444e+00 -1.256740890821742784e+00
3.119826114267071127e+00 -2.504325747471733088e+00
2.394751421342910636e+00 -6.356973216647461733e+00
-1.653634838930004625e+00 3.412787027922516536e+00
-4.795316467446479436e+00 2.106093947931901411e+00
2.946749518693562386e+00 -1.527839676754599862e-01
-2.657993635098765850e+00 4.699334984854861119e+00
5.989072644569622739e+00 4.610397707344329632e+00
1.859243122471066600e+00 7.273340838141959530e+00
2.105138988903795472e+00 -2.767130690699224793e+00
4.091127263023847327e+00 5.604608044179537618e-01
-3.847739787666683675e+00 -1.302997296128687310e+00
-1.967166964489036607e+00 3.150656562177540199e+00
-1.190819051129657025e+00 -6.216311509376513555e+00
2.709650625080071151e+00 -2.852704801971252646e+00
-2.969573262913273837e+00 2.253725575754502497e+00
-1.421436297277429928e+00 1.045411536594222035e+01
-5.460636005823043426e+00 -2.219924981315600787e-01
-1.478878985214641117e+00 -2.456725887632315697e+00
5.071729802273143406e+00 -4.084287579139721736e+00
-3.989757749900076256e+00 8.663073018321938434e+00
3.066593399737131964e-01 -1.009233701082684398e+00
2.419948132317101042e+00 -2.185793594051967048e+00
-2.035494261944863936e+00 -1.718530622366397420e+00
-1.028032482599935271e+01 -4.708938173749913858e+00
-3.059452093060989419e+00 8.508212621197756675e+00
7.315875887116184417e-01 -4.826615190396994493e+00
2.680579264833775177e+00 6.727297887669339005e+00
4.904267723711226434e-01 2.244161577431049270e+00
3.486219563339528982e+00 3.146337466629040680e+00
-3.628511466732540214e+00 6.728703781564234987e+00
1.688448789194938682e+00 -1.007114422400061393e+01
2.042026501172681918e+00 -2.676652269799628669e+00
7.792092297273215173e+00 -4.364180842151156980e+00
-4.707076580585755066e-01 2.342288978332851546e-01
1.459328323489918366e+00 -4.785246953269656878e+00
-6.219101579399253232e-01 1.292537659369377145e+00
-6.248554016816597390e+00 6.425209672862900234e+00
3.400531520725369461e+00 -5.982943534024298238e+00
2.013672915082972636e+00 1.976727856767392044e+00
6.057251823427593607e+00 2.016373047301587729e+00
5.750806369703653775e-01 -3.844554023641187923e-01
1.148827007107181553e+00 -2.572264212080154433e+00
-2.731762457404978583e+00 -2.973624737993160183e-01
-6.179006428576152565e+00 1.522510588381249086e+00
3.086122670627422515e+00 8.969731260878923251e+00
1.685335028678813796e+00 -1.079255133526531463e+00
-8.659650983924299439e+00 -2.763887715854818072e-02
-8.928483460490881374e-01 -2.142221607449007692e+00
-1.881741600581578799e+00 3.300279023395920497e+00
6.064180083306195179e+00 3.951438498087061379e+00
6.080115435225315057e-01 6.705573880363279393e+00
-8.290638890808619266e-01 4.824011225136175973e+00
2.090318339350791810e+00 -2.383022643001110108e+00
-1.599861782646790020e+00 -3.102948821205370411e+00
2.979067428510445481e+00 1.749054349494306493e+00
-2.249996037705950691e+00 5.416184432749776789e+00
1.853573866222560929e+00 8.277697693317737304e+00
-1.533962703015145257e+00 2.665874193317972374e+00
1.044207639796158382e+00 1.784017925177516517e+01
3.510935288259553033e+00 -1.391986130240283615e+00
-2.201409317981788405e+00 3.976442097542515208e-01
9.515567625924181705e-01 2.590417812716364399e+00
1.497249620383062751e+00 3.530587562041784366e+00
4.930156942919578178e+00 3.165891280452748369e+00
-1.172436123603203928e+00 3.342544484651736036e-01
-5.577641908320065234e+00 2.868626106679257770e+00
-2.798071751308810917e+00 5.195609910272859011e+00
-2.522441756914376443e-01 6.482288445338043381e+00
-8.234141060609935892e+00 4.475935711915369986e+00
-8.065100115422842997e-01 2.197013832196171856e-01
