9.007046191237287891e-01 5.470607927416374361e-01
1.617221437928583683e+01 -1.186805088383944451e+01
-1.186805088383944451e+01 9.350566581132083499e+00
-7.300270161084093656e-01 1.727517869141706353e+00
-9.577447311802480101e+00 8.578080859408137471e+00
6.765215711573769886e-01 1.653692271229963762e+00
3.266983812312510782e+00 -1.185794826876929609e+00
-6.960877740743410591e+00 6.735364249527401981e+00
8.608421915175732408e-01 8.151294327944795803e-01
1.402415696700983760e+00 1.336053083916295847e+00
3.371625854865228256e+00 -1.642697004492844837e+00
2.745475195948025249e+00 -9.749319766845415680e-01
3.923499651576990210e+00 -2.743792302166708552e+00
4.751683318421272340e+00 -9.942225702259549491e-01
-3.508743890240738406e+00 3.302915801248949901e+00
1.191527124195647325e+00 -7.483573012106637945e-01
3.135847766514402224e+00 -1.351648354757505111e+00
-7.422388825549895763e+00 4.625407192498514064e+00
2.722332295007039438e-01 1.652036251969156933e+00
-1.063490559488566412e+00 3.338013849677235800e+00
1.041767267034729993e-01 8.738666032826289953e-01
-6.131927529688957712e+00 5.507750876080170777e+00
6.522996696022017593e-01 -1.935213089320543256e-01
4.671665422695157610e-01 7.100513028200636789e-01
2.898061346742058397e+00 6.817275520560865942e-01
1.003585441425451741e+01 -6.546774726709904790e+00
4.139751582776707295e-02 2.249387855358282895e+00
1.923940314746475977e+00 2.073398438304025593e+00
-4.721825245876975607e+00 3.453026884399690744e+00
6.076312963490241970e+00 -3.854253647477762446e+00
7.095624624908822842e-01 1.164169485317451791e+00
7.155131235085021579e-01 2.831774121069040029e-01
-3.997859629739293208e+00 3.437988207023424003e+00
-4.462322599859638750e+00 6.426586875158180945e+00
4.055147032117680794e+00 -1.509693048397116044e+00
-7.735208594587604791e-01 1.914971393841036207e+00
2.728787777433641981e+00 -1.406783785530027142e+00
2.347281965069831777e+00 -4.440665053134817963e-02
8.386832824238997119e+00 -3.288706564818128619e+00
1.956420310370126536e+00 -5.161264974015066231e-01
-1.849375369123646973e+00 3.328822188922504477e+00
-3.964950269350342449e+00 3.623211110029112447e+00
-4.931300456413079125e+00 6.141669809753226517e+00
8.522005627776566783e+00 -3.686115679936270428e+00
-1.113881240698946673e+00 1.146644164228693974e+00
-1.820328235969884467e+00 1.808368978317037357e+00
-3.593243319250790879e+00 3.475617885102990190e+00
-1.275913736921434616e+00 8.742594385711537353e-01
1.034512260032928843e+01 -6.987645002507393954e+00
-9.462951560042288435e+00 8.058375981995727244e+00
9.434149517191217083e-01 1.033999978968459077e+00
1.679744027609152424e+00 -1.234816186674219107e+00
-2.188647650519579102e+00 4.103647252968467996e+00
-3.795770844722258008e+00 4.901663281039986941e+00
6.399887408797510169e+00 -3.231886040688784600e+00
1.118451125176938232e+00 1.186459353331640099e+00
-3.293035173896516010e+00 4.306942606639689863e+00
2.793042397839593516e+00 1.451928264002377289e-01
-3.384786911824131383e+00 3.370145467281220331e+00
9.486398523344199418e+00 -5.541445585245942773e+00
-4.766508909505827729e-01 1.876599112756139220e+00
4.285956164808655267e-01 7.980658335917804047e-01
6.750236851075162470e+00 -3.393215196605745998e+00
7.194768488895098457e+00 -4.257063131788739518e+00
-1.666547826709161129e+00 2.946167596171934466e+00
8.575525211200169196e+00 -4.375310887259845849e+00
-3.748754264434464023e+00 4.698699453702073647e+00
3.355932162856079870e+00 -1.461534466497202089e+00
-3.534877934059258653e+00 4.585364119477519651e+00
4.477159182570232154e+00 -2.354966657933959873e+00
7.168097453167486144e+00 -3.684718044128427739e+00
-6.569369763231991399e+00 6.148688340418037690e+00
4.192079032625048107e+00 -3.641331623948411700e+00
1.611226860478570888e+00 -6.507243645994563730e-01
4.380951284872613094e+00 -1.911359606071529882e+00
1.649216111455769962e+00 1.198599909997269730e+00
-5.406931638804562956e-01 1.588457922528486055e+00
1.047668703405175483e+00 9.729432626429342923e-01
-2.594577871796753810e-01 1.304517487240294482e+00
7.124389795013884807e+00 -3.383267132912845199e+00
-7.179240787237595178e+00 6.349192314035197349e+00
3.185403219181336620e+00 -7.687573916914821615e-01
9.456715107827577071e+00 -5.208919300556765108e+00
8.650643265780947999e+00 -5.135686353839615137e+00
8.931719514156133854e+00 -4.494396043418299236e+00
-2.297544293655388703e+00 3.329438772534885072e+00
2.364229321292923292e+00 1.675578726842191224e-01
2.214999888076101264e+00 9.190022178733886493e-02
-2.346126379654467797e+00 3.387920610939950450e+00
2.436081588369785500e+00 1.186070418053301712e+00
4.377968575693367725e+00 -1.540283509120918826e+00
4.538229176068263371e+00 -1.391234152519596368e+00
-5.479522813702145889e+00 5.687033616791701718e+00
2.094082242863928744e+00 -1.657435407022127105e+00
2.024877054877251226e+00 7.950163486754759923e-01
-7.211516151043980694e-01 3.276040422417537901e+00
2.929179987049432388e+00 -1.225241979449680496e+00
-2.090470933948786580e+00 3.709790970338519678e+00
-1.023483051996489035e+00 2.709865855391559997e+00
3.041975435635293490e+00 -9.402433086233447090e-01
4.338155259846567802e+00 -1.429708722004659815e+00
1.063044777842022004e+00 6.797298102144777587e-01
3.061465654774888190e+00 -4.061966828848770916e-01
