6.182029536479531906e-01 1.028217441783711994e-01
9.627028190956442799e+00 1.388117636424349488e+00
1.388117636424349488e+00 8.867023961604470372e+00
2.463217141300682922e+00 -2.068433838316271256e+00
5.386823228733257807e+00 -1.200025438264057609e+00
3.227529422686051586e+00 -1.693451846047479226e+00
7.864977156657390722e+00 6.361681067633698228e-03
6.475733596154652716e+00 3.382617575274927013e+00
1.534108956178170668e-02 5.556894320321159597e-01
-4.478382550436149856e+00 1.343715325785483694e+00
1.923680096441215293e+00 2.067112026313784323e-01
-2.877515011707649339e+00 -2.919740565392260123e+00
4.644893332288893006e+00 4.567890400368696535e-01
-3.324961711988358548e+00 2.065390629589604288e+00
-1.967558402216638136e+00 -1.875378154528550612e+00
-2.602368509696213472e-01 -8.945532155770717253e+00
1.151271408263226714e+00 -7.197352691942140446e-01
2.065643160457127259e+00 -3.122752456893090667e+00
-5.621372207746018201e-01 -8.108521230564315729e+00
-3.085848538183935119e+00 -3.795289444162946779e+00
3.076044798270379577e+00 6.510041768772216741e-01
-2.353593487464330281e+00 -1.034624323497187026e+00
-3.940795126248828328e+00 -6.591038635270642487e+00
-7.216309301452850100e-01 5.663414133705490627e+00
1.566536179571320631e+00 8.008855552026730162e-01
-1.329446403137335198e+00 -3.002722315605166337e+00
3.739089727781124139e+00 -3.916856090606013474e+00
2.685597479716060221e+00 3.633217783744415286e+00
2.020855275561045161e+00 -1.432098487269601428e+00
4.581018197604556974e+00 -2.636524753106532337e+00
-7.649234811292160430e-01 -2.146987025588677156e+00
5.738769603108009321e+00 6.064863403071758530e-01
-4.804053093482732351e+00 3.096130273875929984e-01
-2.811518515336572932e-01 4.812767496410905288e+00
-1.982774294362754652e-01 -3.745845941959300873e+00
-8.554967198457408273e-01 -3.555642530315315852e+00
-9.088844609067527891e-01 2.278078971845991951e+00
-6.877658704104816501e-02 -4.268876405828294640e-01
5.349196330975571456e+00 3.891015543643153052e+00
4.325484239446009127e-02 5.297065324836887967e+00
-2.528650744761282265e+00 -1.527415226151312089e+00
-1.972159036109877750e+00 -3.672673910908632600e+00
4.609958264635402259e+00 -1.617725230911433609e+00
3.647210243249574546e+00 3.704242733105890473e+00
-1.800303364913143245e+00 1.236532395480001600e+00
-3.385128846986340978e+00 -2.445854269259917224e+00
-3.125202874771643824e+00 -6.684204314969512062e+00
3.596385333880951052e+00 1.308419051008083756e+00
4.467702310237328334e+00 -3.048946417457895075e-01
9.209152579221916435e-01 5.467982320233163662e+00
1.545543094415046781e+00 -3.303335531149506066e-01
-3.814415281568506177e+00 -2.847840807600206858e+00
-1.951528024973792963e+00 -3.648665770395542296e+00
-7.336849483050196241e+00 5.769506856134840600e-01
-1.093457367867046059e+00 1.866855491808834255e+00
2.084678636991452727e+00 1.250911633824385971e+00
3.858480068708284971e+00 -3.203428896321653063e+00
-2.015870951174210113e+00 1.033544389373098671e+00
1.988809535812185114e+00 3.506588415038265794e+00
5.224194039795410305e+00 1.224187460732232724e+00
1.852970133561184340e+00 3.153784718732940640e+00
9.121152607591282990e-01 1.113206263902398324e-01
-2.690277555923670239e-02 -4.430623544831847616e-01
-5.504075647672731719e+00 3.918272045984181773e+00
1.923376087694377512e+00 6.511054815900607196e+00
8.370208911530633289e-01 -1.085274122597701840e+00
2.296470542629175604e+00 -1.894325478432038468e+00
2.363715682105576477e+00 4.647685963177058177e+00
1.688429804104072618e+00 6.705888822853927067e+00
3.094943066710456936e+00 5.054200351996586349e+00
-9.630283921209690234e-01 2.956961328686247725e+00
4.052147052734122568e+00 -5.561900494224135683e-01
-2.759772749098699407e+00 4.347729633866672661e-01
2.141822772636030603e+00 9.623677672128697624e-01
4.347391453972208275e+00 -3.672223023736634673e+00
-2.559008917196795352e+00 5.669450110507174401e+00
2.454762415796908570e+00 -1.617212074315937054e+00
4.052958264507777741e+00 4.621072445243258997e+00
-2.038588134392557816e+00 -1.973787757232748463e+00
-2.127013760732954228e-02 5.878724431716739751e-01
2.712965791079142264e+00 -1.688106089241431462e+00
-4.142840388784984285e+00 -4.356587689382486417e+00
-1.683506307530163504e+00 8.737847152366186032e-01
5.294506677360123703e+00 1.138411563166574325e+00
-2.195751959628260419e+00 -3.784529849606323104e+00
3.605915400702202955e+00 -2.993028507401516158e+00
8.496046498720993156e+00 1.517123730994315522e+00
2.196807902532741941e-01 1.604681098683855278e-01
4.150963581023907167e+00 -7.245651404110070581e-01
-1.341271965185072634e+00 -6.499052947810572967e-01
2.715977500174580950e+00 1.263425433700471556e+00
4.951693901981924384e+00 -7.355070851810574517e-01
-2.511845726098101306e+00 3.791734502885338642e+00
-2.996221585286089173e+00 -3.526708687692470257e-01
-2.231664975077800595e+00 -1.375439214183433734e+00
1.640097740446007757e+00 2.903378577744049949e+00
-1.188773529314630650e+00 4.989361576947016763e-01
3.670771200962958059e+00 -1.786490508065976535e+00
3.908720710817013444e+00 -1.003357196667143680e-01
-3.918802887764539111e+00 -1.128582311779231295e+00
-4.776245364456315201e+00 1.866632783575646437e+00
-1.646665840968142724e+00 -6.410860983879313579e+00
5.617002761682547529e+00 6.371860243087985154e+00
