5.448478632666505783e-01 7.060238471620399192e-01
1.126977800401351093e+00 -1.658982850434964407e+00
-1.658982850434964407e+00 1.202942485352004809e+01
-7.602840025214296915e-02 -3.958262654855372098e+00
-2.268538846224964267e+00 1.700285748125742735e+00
7.553410209108287754e-01 -9.504365415561315533e-01
-1.481949892834578675e-01 -3.006427849409727404e-01
-2.077889684465802356e-01 -5.546177151227657198e+00
1.367925452050802626e+00 2.020210409006856889e+00
-2.723272420222021539e-01 1.378012973941554753e-01
2.093137340907358368e-01 1.806969509369139804e+00
-4.554863648761825479e-01 2.290651334573415632e+00
-1.356948371095011652e+00 7.070424808553761764e+00
5.668709165774445946e-01 -1.794768419177121155e+00
2.136415851724238646e+00 -2.996000060085528105e+00
-5.731287943117046035e-01 1.581231719544568870e+00
1.434587902101019941e-01 3.438042842294914969e+00
-2.727770811982047627e-01 2.282657220313876412e+00
5.718290680231417067e-01 4.129965872261533444e-01
2.818302815730978073e-01 3.291612304600882055e+00
5.867050597063606654e-01 -1.559193772365517150e+00
1.412771937756372442e-01 -7.009081021484966367e-01
-1.576008877783400486e+00 6.131073867929932142e+00
1.652497704334857875e+00 -8.037147667423381048e-01
-1.228862504365499042e+00 1.539792241245523385e+00
1.022209306027457743e+00 -2.272218518130162401e+00
1.293840532246756769e+00 2.446398210533199946e-01
-1.483426490812302934e+00 2.505143219510175268e+00
-6.104410639137913819e-03 2.707248720126804287e+00
4.252286783110881263e-01 -1.398127466901624372e+00
3.656408368732748659e+00 -9.987587992996123987e+00
-3.797795459416437591e-01 2.942862522305931705e+00
1.194223152345962102e+00 2.081002606422797996e+00
-2.439376026839896738e-01 7.251959234541071275e+00
2.229137758407346848e+00 -2.067048000194263047e+00
-1.183066901931503212e-01 2.141963177083756165e+00
-7.232641067935624557e-01 -6.089820601992383509e+00
2.131203931464868084e+00 -2.257346578532295922e+00
-8.069630707617075904e-01 8.063119025648847193e-01
1.695257202883714065e+00 -1.183896949015080358e+00
5.356423490993097447e-01 -3.901004072494234087e+00
1.879758430001045699e+00 -1.258931226277068660e+00
9.508150841519427132e-01 -1.090165713277214676e+00
3.207616356629461318e-01 -1.022717628769746812e+00
-2.665976868793096255e-01 5.058514047333539931e-01
-3.941799240281181893e-01 2.404621129299671090e+00
-1.479880090662040182e-01 2.651615232026974134e+00
2.248431114339509929e+00 2.402439432172568168e+00
8.626061288757329582e-01 3.243079161910570996e+00
-7.990071673217077342e-01 4.143192370379321865e+00
-5.333731928562680524e-01 6.400853970618752165e+00
3.941768916087996510e-01 -3.839995588679271599e+00
-2.872773679545742587e-01 -3.925396733532041438e+00
1.997307185020010145e+00 1.702660448395310944e+00
1.263116690658792285e+00 -8.981631838488355335e-01
2.506563501593479071e+00 2.529390670092035442e-01
1.047353190505374787e+00 -4.799052792700018166e-01
1.713953688158932565e+00 -2.362309675564946865e+00
6.931750981073016016e-01 1.955971184393605178e+00
-1.343438996835808474e-01 -8.260238152813543788e-01
-1.148861086779103591e+00 -1.589556830910209273e-01
8.801414789993973198e-01 -1.443780741408022150e+00
4.191963600983721339e-01 2.394394142298830630e+00
8.183376048813975068e-01 2.434006266206063529e+00
9.982174324515442621e-01 -2.326435113395405985e+00
1.981860966974264282e-01 -1.385003274506339421e+00
-2.984522532637428061e-01 6.302343493208138803e+00
-3.274647215512982434e-02 9.594886382358543742e+00
-1.049354948136829169e+00 5.431968357541069103e+00
1.798217178683353179e+00 -5.959148643252169641e+00
2.516806865205809540e+00 2.564751147018623723e+00
1.657321158290682384e+00 2.055039027087928183e+00
1.531057732786279324e+00 -1.135124777614667124e+01
1.742895892178755179e+00 -4.281661542588930836e+00
-8.196805415210620671e-01 5.645354960285184021e+00
-3.863943809142493802e-01 5.228394281743864447e+00
-2.017994011438560831e-01 1.186170799654665542e+00
1.781097814000587753e+00 -1.323710992983804013e+00
-3.261220481678198668e-01 3.478040301979629767e+00
-5.728897689479209854e-01 4.907068449748289041e+00
-3.694767382536737754e-01 2.025117646676354966e+00
-1.096924146810998923e+00 -8.212882410991040327e-02
1.848904661717657660e+00 -1.182872138394128969e+00
1.086075383543256279e-01 4.897427898698786031e+00
2.938411657360029405e-02 3.927435998302828968e-01
3.428182651539745107e-01 -2.853732641778350398e+00
-1.193410908568345308e-01 2.636205454243770063e+00
-4.803934901549579140e-01 3.281604053108463148e+00
-2.768582389532062704e-01 3.644454780095556679e+00
2.951765612990994825e+00 -3.537352526751297077e+00
-8.340945967973167896e-02 2.042521404544965336e+00
-7.319108847815055663e-01 -2.533313997930901618e-01
1.707769416652497263e+00 1.702496351200994962e-01
4.310227258147604212e-01 -5.946284832973147694e-02
1.905385229857270435e+00 -6.952872925019502937e+00
1.526881891624210841e+00 -9.730728148756697671e-01
7.701842065352069167e-01 3.808177298552956280e+00
9.939114821924480703e-01 -1.961478593499571099e+00
1.397587667424538882e+00 -4.434616263755692067e+00
5.186537135041212609e-01 1.974028967418719249e+00
2.531199608826383063e+00 -6.949053899584689553e+00
2.746576690320751801e+00 -1.753971249676456123e+00
2.051432409665756573e+00 9.070162984777785375e-02
