9.133156509071280738e-01 8.630492864236790629e-01
2.492485428191332986e+01 -4.351386750703484019e+00
-4.351386750703484019e+00 9.823196109306674417e-01
9.408071285601257161e-01 7.058107038426661983e-01
1.104039847756675563e+01 -4.061598066729751322e-01
-2.731983632613439461e+00 8.643326503795135674e-01
8.054276583041525939e+00 -8.403590758189943832e-01
-4.162351696539648316e+00 1.677847911514279478e+00
-2.743819077548056207e+00 1.301694573787989917e+00
3.281781593854502965e+00 1.364919500572681965e+00
-9.003447524104832844e-01 1.042813067881928735e+00
-3.930547927179263823e+00 1.548440723102614935e+00
1.538391383996660089e-01 8.979885343307045797e-01
-1.376520355569012821e+01 3.269661130187183407e+00
-3.399120250444509495e+00 2.367170418560737843e+00
-5.161897048846495473e+00 2.513326138486572603e+00
7.657868125113975744e-01 6.483823864038582574e-01
-2.015912050119575749e+00 1.385773126728108817e+00
-5.514104222095880026e+00 1.674289027683729891e+00
2.234447735183576533e+00 1.135230986174573964e+00
-5.914928270293295931e+00 2.088342418344283580e+00
-1.243838339880694477e+01 2.990582192326536326e+00
-7.843209179092340833e+00 2.478618623803917398e+00
3.928928414224556187e-01 1.431844037756494270e+00
-5.495424286263584257e+00 1.615356638993912686e+00
1.717482430019561690e+00 7.619938996447994661e-02
-1.677449559893207542e+00 1.287595394884314182e+00
-4.023169175161653399e+00 1.217169872651708173e+00
-4.409716557105350709e+00 1.830319895936952879e+00
-5.834491255251346153e+00 1.611165245176575223e+00
9.051329576693339929e-01 3.018628753334338111e-01
6.112390514477217263e-02 3.369719231625086797e-01
-1.166247737843818122e+01 3.346985119571875167e+00
-1.806974612049697448e+00 8.724787833113533120e-01
3.726993876442782128e+00 1.273079691388513401e-01
1.051383522702666262e+01 -8.349213662366422595e-01
-6.544151686718270078e+00 1.890479660015778940e+00
-8.710124332007486814e+00 2.413447253694654737e+00
-1.818071284279108024e+00 5.267914029237212858e-01
6.624480416165939189e+00 4.038344230395464196e-01
-2.519267530205938410e+00 6.007432073171785625e-01
-2.961678699650890589e+00 1.897257932168054939e+00
4.815644099494517105e-01 1.961754619537182442e+00
-6.109675896954143148e+00 2.100146955062245802e+00
6.207364716784810277e+00 -4.724084390270383293e-01
4.766292638754229039e+00 -2.685792964812639960e-01
1.003311260422729667e+00 9.829654145172125324e-01
1.434168797025319408e+00 6.148771930830436716e-01
-5.389480160647044382e-01 1.335828182712628154e+00
-8.463757599802002929e+00 3.105075046241991821e+00
-1.718792571830251248e+00 2.061734021311456555e+00
4.826692607291543702e+00 -4.521613088684500736e-01
-3.668136163382900605e+00 1.353373706187987802e+00
3.921353124265116730e+00 7.427741941219245803e-02
-6.805609229883395450e+00 1.896458998184528788e+00
6.696307364292962028e+00 2.324535208358393668e-01
-3.507259999873612699e+00 2.075387536160830493e+00
2.831114345438371149e+00 8.881403565580129333e-01
-5.524555365318290612e+00 1.729538134353568957e+00
3.197943545147079014e+00 6.111198487309572602e-01
3.497835612016998441e-01 6.159015700044908614e-01
-1.478106527380272706e+00 1.431050988160902815e+00
6.834873189545862537e-01 1.022479307277680105e+00
-6.019144048947363324e+00 1.443938359564744367e+00
9.316093005166630192e+00 -1.709754618201974052e-01
-1.160721852699166501e+00 1.843711360136678801e+00
1.978518999742530760e+00 6.862135575863570480e-01
2.910169604071834115e+00 3.860152721178286561e-01
2.364973635918378392e+00 7.368015024417882142e-01
-5.530096714728141905e+00 3.830257934432381717e+00
6.389269495238477425e+00 5.351757052219461297e-01
-2.418133263785677833e-01 5.148784351094677358e-01
1.266449426023576352e+00 -1.300603679684553260e-01
-2.491132614467613138e+00 2.080442827380307502e+00
-3.419932521287851301e+00 1.737155968634059633e+00
5.042818481511615936e+00 -1.343896247672725641e-01
2.445084909063497847e+00 2.609632060748175997e-01
5.551356212329450202e+00 1.696396425003218189e-01
-3.319161581264943983e+00 2.426664376195263539e+00
3.065142257376985757e+00 3.203952520297359552e-01
-4.570342890024157168e-01 8.621385891410545677e-01
5.888960107129884491e+00 -5.413157653591479379e-01
-4.741885780519047522e+00 2.119627658029201278e+00
3.018127042643114155e+00 1.661622723801929880e-01
-2.308005854603343732e+00 1.610954279243699716e+00
6.097200870103770320e+00 2.717673820749976210e-01
2.561258114368068384e+00 9.863948881500982369e-01
-1.517630977855676910e+00 1.399974207242091317e+00
-3.347806318168749407e+00 1.787291710512242560e+00
1.552975802832987196e+00 8.814870105106843434e-01
-1.997778561389502272e+00 2.254022293624788009e+00
-2.322388720169128451e+00 2.080257548691540226e+00
4.259690149055345820e+00 4.715894447075159035e-01
3.433598871484896176e+00 1.068291683889037502e+00
5.068383156086995633e+00 5.165300659880092127e-01
5.022248880471532395e+00 -8.822503197680087172e-02
6.865956874846053104e-01 1.194348879898034399e+00
-2.701937754821441828e+00 1.297180550555130818e+00
7.996628161186493777e+00 -4.141279992301686308e-01
5.049262386576770290e+00 2.236292965602565408e-01
-1.774258246137345285e+00 8.475085084635052279e-01
-1.658676912854227137e+00 2.032668623344780379e+00
4.245122242078904762e+00 1.919994163739874304e-01
