4.904032406574604375e-01 1.312732583260529662e-01
3.043395724471515962e+00 -2.707487874923516724e+00
-2.707487874923516724e+00 7.154809033596183809e+00
8.902449368011400299e-01 1.183094252607904240e+00
8.077629862779238668e-01 3.946818339501099615e+00
7.132991440273500627e-01 4.182728613487323166e+00
3.177239506791480483e-01 -7.754212081833111725e-01
-5.178086813833145952e-01 7.830550804316412927e-01
-7.643063287588601762e-01 -5.213962240856236940e-01
2.283759074084468654e+00 -2.419334351527689719e+00
-1.009902597963446835e-01 1.558445671373074326e+00
7.497757896663731492e-01 3.953634558485975559e-01
1.109807838463727991e+00 -1.476735010972751505e+00
-1.247637673559957694e+00 4.299580466616195196e+00
2.065180810268572476e+00 -8.179661263842563645e-01
2.847665653223850679e+00 -2.720676013688131611e+00
-1.760576585507576119e-01 1.506877374577796802e+00
-1.364651353441557191e+00 4.265638147018687931e+00
7.990730394789291591e-01 9.200241412144849473e-02
-5.044489447582527486e-01 8.901122214303389124e-02
-2.824446674131023016e+00 1.515628515554707567e+00
6.983955678587323579e-01 -1.795674871324427269e+00
-1.016506920350045196e+00 2.666443424484429947e+00
-1.479099246381187172e+00 3.868735329195365225e+00
1.327220503760455639e+00 -8.215658599678278051e+00
6.568808621135548975e-01 9.052070974448679364e-01
3.498256264047422182e+00 -4.097207218447810995e+00
1.407703261914606374e+00 2.426086411319677616e+00
4.049799735969012993e+00 -1.341344680772471376e+00
6.552640183523532613e-01 7.134880041131343997e-01
-2.538839120212311729e-01 2.190766262369206352e+00
2.707446697093459864e+00 -2.193385766989937480e+00
1.169300672219390158e+00 -2.387596870982297226e+00
1.928974715074651236e+00 -1.937802952784636323e+00
-1.777085039617278817e-01 1.714263449272218853e+00
9.533783313259734937e-01 1.477691957298681080e+00
3.401278319923268789e+00 -2.416880727095523262e+00
1.889178676247220690e+00 -3.170718416047775712e+00
5.458968038203011464e-01 4.399783185520017570e-02
-1.642339658131506397e-01 2.077372590918986628e-01
-1.672421653237327721e+00 2.176159645138737275e+00
-4.664719634032436169e+00 4.876112007611697052e+00
-7.100988998154086351e-01 1.682752777674832334e+00
1.012169727815816600e+00 4.799592871668098559e-01
3.258461671185469921e+00 -2.430002618381704949e+00
4.291124913016783338e-01 -7.744772901794665376e-01
-3.373664123436556084e-01 4.022021114215416304e+00
1.264790481846669756e+00 -2.801435750630286492e+00
1.776083310248571245e-01 1.736903137147988385e+00
2.650587110003351787e-01 4.974844776457354456e+00
9.621093214407736571e-01 1.653021896301757332e+00
-4.344972272641545175e-02 -3.159661124254742326e+00
-3.788244187294036447e-01 4.812037299817658820e+00
5.827199858742977412e-01 1.805937663001432325e+00
-2.750313806625407587e+00 4.507825528375657420e+00
-9.276697291796137668e-01 3.473825689057532529e+00
2.747256405857195105e+00 2.151418799318431496e+00
-2.830465265087247495e-01 8.684099184165583907e+00
5.646328194807215262e-01 1.124592925703642443e+00
-1.163466576435841837e+00 6.263695957577462003e-01
-1.610508432490700415e-01 1.515836520904602081e+00
2.324724365392001779e+00 -1.534351446194655022e+00
-7.118199413754490168e-01 -3.651417690461839172e+00
7.922731152835134072e-01 3.335108162899032003e+00
-3.610827128496206795e-01 6.045903131909242667e-01
2.762795595879832700e+00 -2.435898856831137493e+00
1.823636458390176518e+00 -3.941464718781321430e+00
2.257543196546887732e+00 1.804827002679753489e+00
-9.076517280191308545e-01 -1.378818457775379036e+00
7.344915631414139501e-01 2.468168047007054611e+00
5.412575419681120437e+00 -5.159149723351080574e+00
-3.565800019763238904e+00 7.618726710071213049e+00
9.103160111583646907e-02 -4.844795915694724009e-01
1.764804761924255505e+00 -9.764872449512131958e-01
2.134138856668219120e+00 -7.592830670711422369e-01
-3.922438280719105830e+00 2.771063985231889681e+00
-8.156377509263560421e-01 2.669012761227159025e+00
-1.618630686937958529e+00 1.488246129067159140e+00
3.606154469222583536e+00 -1.340975013177249542e+00
1.803651241145478146e+00 7.570733872220050120e-01
-5.821827172698990083e-02 -1.385847538522515743e+00
9.913156017989247504e-01 -2.252823190935544062e+00
1.615580013650319557e+00 -1.032189006976828027e+00
-1.730886414698700193e+00 2.436399605688135850e+00
6.862003326882767373e-01 -9.754401625215722849e-01
1.806028729631945939e+00 -3.105232866055109398e+00
3.322705179487882798e+00 -3.452405584941362626e+00
2.171831742560825784e+00 -4.123030181285932017e+00
1.782850772807024420e+00 1.025105570966990953e+00
3.583587813528904764e+00 -8.804910205853933025e-01
-1.971851512030567299e+00 2.965855373771773884e+00
5.530197003816246237e+00 -2.144358917483472737e+00
-1.006396165380765151e+00 -1.160596468655564317e+00
-1.095804169235503611e+00 3.600947844467222048e+00
-7.892715824181656403e-01 3.683880728164957041e+00
1.755878232016323093e+00 -1.609551846705245204e+00
-3.444393080802989893e+00 5.790189553713648962e+00
8.261905990542945943e-01 1.207679301150201390e+00
1.818785327266202234e+00 2.134156028459544885e+00
3.782134564947470801e-01 8.994190692968444534e-01
-1.693683617317159662e+00 6.549216371206403320e-01
-8.011124572480711192e-01 -4.802155298399775063e+00
1.209676360234463344e+00 -1.125704913945464736e-01
