3.485258661042823780e-01 3.722109606257146819e-01
5.394993827508214324e+00 -3.906983584629557082e+00
-3.906983584629557082e+00 1.181589474909371873e+01
-3.908307624356303078e-01 2.744824780355543226e+00
-2.518811670671871283e+00 -3.064022689358159024e-01
2.367713645512107501e+00 -1.546690811357321893e-01
2.160797686005976992e+00 5.034041129630933753e+00
2.232850855465811080e+00 5.200550144358722093e+00
-1.469689048989675229e+00 2.311748363764527081e+00
-3.231170636673693863e+00 -2.835479206316918743e-01
1.387362449419052624e+00 -6.681167216538628217e+00
6.626063318022159532e-01 -5.155969993343423319e+00
6.964253631870471750e+00 -3.052598133454050178e+00
9.998105354513365794e-01 -2.185182223304893867e+00
5.606052336796946145e-01 -1.122785775823128107e+00
-3.681508057842973525e+00 1.855482964625219111e+00
-2.872763224267830928e+00 -1.222517974864207879e+00
3.349488052268428273e+00 -4.858023961746053665e+00
1.308429132791668614e+00 -3.366773472059136019e+00
-2.746435886856857245e-03 5.177239447722904453e-01
4.180184830208300006e+00 4.367682710783189037e+00
3.144706632113145606e+00 -1.128511452980012431e+00
2.562214862230852042e+00 -5.945129465416822967e-01
-2.595616242775188320e-01 1.113430510101660831e+00
1.297423062333931787e+00 -3.339840995784567390e+00
-9.108112881065505428e-01 5.167488058565388620e+00
4.792720396933632721e+00 -1.159345881391302902e+00
1.726643760773697966e+00 5.855689858165371575e+00
-3.589945842266490938e+00 5.644933050525450469e+00
-1.508081268046474133e+00 9.297493045011771429e+00
-2.242121609976931218e+00 -2.556015133457029798e+00
1.702862949858993336e+00 9.044693956690289527e-01
1.886346145615952707e+00 2.396591404532374625e+00
-7.468036229660567349e-01 5.595961836780825038e-01
-2.223671181643986916e+00 9.718387284559757422e-01
-1.667380205664868775e+00 3.076099819876385588e+00
-3.408496723091732683e+00 5.354156155630239056e+00
-1.275028640541470804e+00 -9.884444555079369144e-02
1.154705091433653408e+00 2.449486421726630780e+00
-2.375485504992824737e+00 5.788015173079833708e+00
-2.275780858094853976e+00 2.769967771064619555e+00
2.430832352768821814e+00 1.620893512900741129e+00
3.002648358839596909e+00 -4.241184250463608585e+00
-9.966237801929901385e-01 6.916565650331146786e-01
-2.322516512160145652e+00 6.481985502088273066e+00
-1.991861450290345115e+00 6.527793068951201150e+00
-2.357907804459880907e+00 -3.281985577056251380e+00
-1.262192138988244672e+00 -2.289178544895864142e+00
4.656500075028408681e+00 7.245196789963712636e-01
2.790630954963920773e-01 1.903176294622066722e+00
-3.555689181843860958e+00 3.957052312323952492e+00
-1.886876663164510637e-02 2.841684633348082745e-01
2.992729062095050852e-01 -1.382264435500439204e+00
4.793375400720027990e+00 -1.034225466917068914e+01
-5.328669970830913094e+00 4.425756855480445395e+00
-6.562374871302817381e-01 2.856457678086099516e-02
-2.743446907548884095e+00 -6.974585632361911536e-01
1.826210638928804197e+00 -2.777331027050577994e+00
1.189619494508090014e+00 -2.798851810331528078e+00
-1.374340631932788881e+00 -3.568582572083716542e+00
1.562444550279500799e+00 -3.891555573274791513e+00
4.725349445573746365e+00 3.233382815295691159e+00
2.368669042580187067e+00 -2.229135785084627841e+00
4.093981032408810172e+00 -6.451137256758307181e+00
6.102994709373840143e-01 -2.540060434694097147e+00
2.656002503206479570e+00 -8.690462020654421416e-01
-1.428214041844640736e+00 2.434575820242408817e+00
-2.576419501516363786e-01 -1.327799704631154043e+00
4.287333936185626193e+00 -1.618205272942146999e+00
1.890920369576554738e-01 1.094220591972822065e+00
2.418526693310424358e-01 3.976427360860690929e-01
2.891117912004214752e+00 2.735143705438800588e+00
2.807235176319271552e+00 -5.266462600715207110e+00
2.812366392026115491e+00 -4.198029644330979693e+00
1.275799824553756956e+00 -3.757226787837240067e+00
2.034063799642565229e+00 2.729225883710076350e-01
4.572146286064730503e-01 5.809802824565750701e-01
4.892865442543437915e+00 -3.510450544963460429e-01
-7.980627066409928805e-02 -1.735611316337341448e+00
-2.686644399328882660e+00 4.584426991947132990e+00
1.101007027656247528e-01 4.953752759640477343e+00
3.528551268841366717e+00 -1.704933714722176363e+00
1.733902576337667423e+00 8.814378357842735934e-01
-8.094074682685236111e-01 -4.461427169644641921e+00
4.210043159314675876e+00 -1.039008123140328443e+01
2.986042935344843219e+00 -5.656308025995301358e-01
2.640115250594473828e+00 -5.349941832183635171e+00
1.451627861011107523e+00 -2.509045348524324703e-02
9.366068230485306012e-01 2.157169120102147453e+00
8.510338511605102241e-01 -1.518681707736634356e-01
-3.588989451813643372e-01 8.455967388362378045e+00
-5.450041635358675585e-01 -6.660933865004137200e-01
-3.978287583258187876e+00 5.971083636854335630e+00
9.566261772135675745e-02 3.714609725448755340e-01
-1.824639099698281530e+00 6.210770629679561949e+00
-5.753328137089265271e-01 -4.011900751164642287e+00
1.484359187896276300e+00 1.920626788503353666e+00
-1.222252996212931375e+00 4.113265425957953525e+00
8.856133506885803808e-01 4.929182395967419694e+00
-1.947080392678673277e+00 -1.757039284421545444e+00
-8.159449249284974615e-01 5.907747140837958710e+00
2.466619183608577348e+00 -5.297635088213049848e+00
2.787671635133893044e+00 2.838442117301528178e+00
