2.526596646294750892e-01 4.701437318121088893e-01
2.438488535582954242e+01 -1.116244377520252407e+01
-1.116244377520252407e+01 2.382196633790481144e+01
2.632555159023306945e+00 1.444261254569684905e+00
1.421252330883025827e+00 -9.206381153414902485e+00
1.700816267533515003e+00 -1.697258798788363165e+00
7.760587326341975012e-02 -3.464062331168557662e+00
2.824856798067562291e+00 -2.669741099498202930e-01
-2.970346465677500269e-01 2.919404374995084428e+00
-2.006708388768086326e+00 3.578802277350470629e+00
-5.926212475882196351e+00 -1.437117538172686393e+00
-3.126871547246639516e+00 8.666229972069636744e+00
-5.266075222425253166e+00 -3.729764232160182935e+00
1.649612239070194608e+00 1.590687329133067873e+00
1.370311291806742826e+00 -1.163846062725572494e+01
-6.648042471219319793e+00 3.149597019218026706e+00
-5.576352135261584131e+00 8.017008265199116579e+00
-8.434331599095575172e+00 -2.107901030726681224e+00
-1.293059350643264693e+01 9.806315511155485609e+00
-1.524452845782173771e+00 -1.887286525931554326e+00
2.991988784465514861e+00 -2.603636866806956274e+00
2.890985574784124879e+00 -3.126549626305838991e-01
-2.611420771937443153e+00 7.269157234863387274e+00
-2.988812162372236347e+00 5.162022251895503899e+00
3.131992434803568148e+00 1.707098585694961201e+00
4.149706690791203023e+00 3.468509741202174368e+00
1.186122761783403412e+01 2.015407033234172252e-01
-6.514420504634205855e+00 -6.312652114172346174e+00
6.699713811312869360e+00 -7.465329839350189012e+00
6.880510079776380294e+00 -3.852783283988258312e+00
-2.144935762643442434e+00 3.785578916863971966e+00
-5.439579930898102988e-01 7.036217176281769348e+00
2.605425776361635304e+00 -6.671704242099437465e+00
-8.582510784912420476e+00 6.134808875702740139e+00
-1.314181929162313356e+00 4.697962094305477621e+00
4.831601291351169003e+00 2.375703479910359572e+00
2.172164260379210177e+00 -9.585318476152535627e-01
1.836943191530825636e+00 -4.844146457672224848e+00
-9.484623236575075111e+00 1.062138833217964873e+01
2.240532786911151764e+00 2.724950100268240583e+00
-1.541152741970465700e-01 1.489672340673564577e-02
3.184228490803406864e-01 2.454492943521793702e+00
3.256260457117274409e+00 2.143354660849228654e+00
-4.933011816774083513e+00 6.057011200221923408e-01
-2.742818232717990634e-01 3.669704063264102256e+00
5.068413324701819711e+00 -5.053452340463258530e+00
-1.603215460838531836e+00 7.439881593112467328e+00
2.113161052975126797e+00 -5.217298093089272726e+00
8.460896314795940398e-01 3.032766760454034927e+00
5.381334409302849231e+00 -6.105448482706096414e+00
1.589500904517842095e+00 -4.310139759547662486e+00
1.311136320913780740e+00 1.528895914361454222e+00
5.587033924485405034e-01 7.966415088219052976e+00
-5.815228957342819527e+00 -8.910879258148820981e+00
-3.415866148965878146e-01 6.498377108951415515e+00
-2.330369497536417533e+00 1.951396505137491744e+00
-5.302364338451009962e-01 1.874303215688896351e+00
6.586287385597642263e+00 -3.538193855501087448e+00
-1.634554109516253906e+00 -3.100960928308402309e+00
-5.318342440652350511e+00 3.604264883467984237e+00
5.711096621382651506e+00 -1.164395114007346077e+00
-5.856572393175357938e+00 -4.765361935484051514e-01
-5.714390034475283819e+00 2.845183051426992460e+00
-3.827533599570480671e+00 -1.208284524600000465e+00
-8.431712090500332879e-01 4.587824266495913461e-01
5.708052750535948405e+00 3.526807055681908221e+00
-1.656407568423761689e-01 -1.001825501873993662e+00
-1.892411184313147032e+00 -1.629008869178171448e+00
-6.003285038255690154e+00 1.341689302943305862e+01
2.861388510286990705e+00 6.131189897180184811e-01
5.911222816391846102e+00 -1.148366986933119804e+01
2.808762950124594315e+00 -7.536143799650830921e+00
6.400042198839288154e+00 3.266164301854346252e-02
-4.626383654957031411e+00 -5.108902088373393546e+00
2.553372111084362572e+00 -4.353706548724137981e+00
-3.100932752756524025e+00 -4.352556265451704931e+00
2.048264378566544863e+00 -5.448524389750866170e-01
-1.926814278753063991e-01 3.340205027344104849e+00
2.375993147099426661e+00 4.406173627105822277e+00
-1.221948399443955946e+00 -3.792426610224486350e-02
5.078685405226499583e+00 -2.027332494259450613e+00
-4.077776463128143902e+00 -2.695055454857072430e+00
1.014533680486119360e+00 -4.604884578637390646e+00
-3.423270403772677550e+00 2.200032914033745346e+00
-7.116241312064720326e+00 3.903236319635667861e+00
6.589629567376981356e+00 4.441130520449819485e+00
3.090665836953137902e+00 -4.495895005930305111e+00
3.717790845505986042e+00 -1.330751204886115868e+00
2.238613800650504970e+00 3.621444791034921451e+00
3.906850967071774372e-01 2.622413415019916982e+00
3.333127554967794670e-01 -9.015753306726875138e+00
3.123391380145666751e+00 2.845792402612297156e+00
2.705066846924111701e+00 1.722378390987211239e+00
-1.243744361181160496e+00 -3.163677139802086646e+00
-5.671918934536343215e+00 9.704842485983505185e+00
-3.101393435314375058e+00 6.675792837026069293e+00
-1.014689542909650299e+01 1.134457008146368739e+00
-2.524309224246565009e+00 -1.309867203340439268e+00
-3.298364949251628708e+00 7.158677087802259642e+00
4.490469526792804089e+00 -5.110860325503169932e+00
-2.614412234704544868e+00 8.029732570640305767e+00
-5.397929399296342190e+00 3.659501599754078072e+00
2.942492704754891886e+00 -2.999975246878954671e+00
