5.890836703730424340e-01 4.841516570938779740e-01
8.249661347067615225e+00 -7.038401830786680691e+00
-7.038401830786680691e+00 6.032271994261088288e+00
-2.213129360568454995e+00 2.867756112828139692e+00
-4.555030751169793390e+00 4.821463309921671936e+00
1.351605309026426838e-02 7.364443738531949446e-01
2.048232596878042600e+00 -6.569137489933261076e-01
-1.645697828590728662e+00 2.601194457920767533e+00
-1.264314230461941024e+00 1.986131022468383023e+00
-4.924999287530655856e-01 1.340668684683111511e+00
-1.537023961571089004e-01 1.454803311125762555e+00
1.540388122603058019e+00 -2.793636320821996089e-01
2.886436225124023203e+00 -1.594158198331451226e+00
-1.614185853458560693e+00 2.358746041108947811e+00
-2.486249168071069882e+00 3.240125940999460497e+00
1.210821999096375112e+00 -6.453590863442359993e-02
-2.772941429606933239e-01 1.356936078068448293e+00
-1.725789595065851945e+00 2.425605414034380125e+00
-1.851180281198908428e+00 2.423751346849314370e+00
1.656424425416836321e+00 -7.069806014272899120e-01
-3.618636557748908356e+00 4.069891122146028550e+00
-3.135184880324583645e+00 3.745497010542241156e+00
-1.148145226951481357e+00 1.847298596294197903e+00
-3.644167512773020423e+00 4.344034036447697034e+00
-3.309770449216900001e+00 3.535554590142521825e+00
-2.649918281699324973e-01 1.344616234963537327e+00
-1.272028824227023236e+00 2.311895712620810173e+00
3.888709178295417512e+00 -2.138526474806970334e+00
-2.412860248199465207e+00 3.120009562739402220e+00
-6.649137487416871828e-01 1.542046543848817342e+00
2.370775030195158894e+00 -9.077182163610479915e-01
1.006450402459076354e+00 2.680870784056383904e-01
5.892061339720360280e+00 -3.879454162536442041e+00
-2.381388628733153379e+00 2.991319120226421546e+00
-2.972172991546154996e+00 3.620849657029236113e+00
-2.375389272683839259e+00 2.924508750449974492e+00
1.696879341423381371e+00 -2.723708185699286188e-01
-9.672437864588285805e-01 1.778745877599906766e+00
-5.336546654841911597e-02 1.064330671982898879e+00
5.721071943755415390e+00 -3.883802464127170673e+00
1.025771991406640549e+00 -1.736014518146341556e-01
2.947093660392804959e-01 7.639645576655824666e-01
1.514094480568091372e+00 -9.094440078664456362e-02
-3.523051535184779093e-01 9.793551250155405619e-01
-1.291768838912286332e+00 2.350413591085123599e+00
1.807444103283308845e+00 -4.788579110881294731e-01
1.694790292235130780e+00 -4.848299730488837556e-01
-3.324221688260137864e+00 3.825313528231465199e+00
-3.327105017649877983e+00 3.862236258461373417e+00
-8.969930598475861494e-01 1.646250551226067893e+00
2.961060346190062198e+00 -1.608376314973813281e+00
1.962517278537073251e+00 -8.732401341443916110e-01
-2.034669453026191732e+00 2.828845331869587199e+00
1.532456692385376407e+00 -3.247997410452886369e-01
-1.669109994359038840e+00 2.533282822015991975e+00
1.150844411392713540e-01 6.637504134445330051e-01
3.594945981233001575e+00 -2.329155752013165603e+00
-1.768579289951691669e-01 1.139882120625988815e+00
-3.639864689206704806e+00 4.015442730846307207e+00
-4.665796562321882224e-01 1.299210548180696367e+00
-6.372008518416727441e+00 6.381805981315845422e+00
-9.460695554287026354e-01 1.909834422550020339e+00
2.389464964928985413e+00 -1.187017857144856636e+00
1.111438333254669786e+00 3.225932783074471066e-01
1.292139851451775012e+00 -8.048761540279880666e-02
2.138791397556845553e+00 -6.772665441162069033e-01
-5.063703012175842844e+00 5.093406947246413630e+00
1.994947518086507943e+00 -5.331986627074769558e-01
-1.628892603025368313e+00 2.742468940638567609e+00
-1.850773923680604671e+00 2.445198383390048136e+00
-1.240934366049229576e+00 1.955393364389000022e+00
-1.751670212400410431e+00 2.583784330796266460e+00
-1.365382148488648362e+00 2.310636653931984696e+00
4.521344812553040882e+00 -3.014388939399467837e+00
-2.384540413727045394e+00 3.212462228687305021e+00
-9.426598607598959401e-01 1.847207868486063553e+00
4.579875493589972812e+00 -2.808639248133949273e+00
-2.557401500568893926e+00 2.978013950503351381e+00
-3.213548552257730062e+00 3.594925600875701122e+00
-4.763991131092835118e+00 4.898362925399120549e+00
-1.792522271101046893e-01 1.324668695383243611e+00
-2.331206028538781450e+00 2.721543678035825309e+00
4.021048021864482847e-01 3.416990236128278902e-01
-1.649172739514924935e+00 2.259482975509399694e+00
7.075042999681780964e-01 2.655761906315264875e-01
-4.132607665893635485e+00 4.530119435520343352e+00
6.843656007140104691e+00 -4.848409371783270139e+00
-4.775212873050366014e+00 5.198068656353909134e+00
2.687329003572066277e+00 -1.100114790613438753e+00
9.929013283677431412e-01 -3.812908472536502558e-02
-3.438047895655890418e+00 3.989669257734955288e+00
3.714310730226833446e+00 -2.091012370862481262e+00
3.766958197829631594e+00 -2.165446715526769594e+00
-3.214017199567559935e+00 3.581824819985208741e+00
-4.648941849077889987e-01 1.248214702594776515e+00
-4.063637787668978874e+00 4.318161423208715988e+00
-1.470284020890486598e+00 2.132211185039074586e+00
1.211572211886902561e+00 -1.465713678105551310e-01
3.038586945457775634e+00 -1.353767050525408022e+00
-2.042707201055780963e+00 2.619027673296492331e+00
3.774252578488653143e+00 -2.441126163927011206e+00
-6.708121585921537289e+00 6.874376037626766411e+00
-1.632418595055354249e+00 2.538803347463498561e+00
