7.711840984536714183e-01 9.067837874882217486e-01
2.377214526790252802e-01 -1.302996734505635468e+00
-1.302996734505635468e+00 7.759858796175509887e+00
8.902494309476044476e-01 -1.349259012991260054e+00
9.947545371867136943e-01 4.614217833556612525e-01
3.720523834983548439e-01 3.211752561545313522e+00
9.347230240730564077e-02 5.107537528125109638e+00
5.237221709355878163e-01 1.254479278961273980e+00
6.339471688055597909e-02 4.803221213931733402e+00
5.606434089399603415e-01 3.571242354130501173e+00
1.346697336683991830e-01 4.205176330698138010e+00
5.071652185484503139e-01 1.004821040437443136e+00
1.013297328229237904e+00 -1.070602818580287607e+00
9.850042162822143510e-01 -7.702681833399497302e-01
1.529439239941509099e+00 -2.580600519163750661e+00
1.611236489117263915e+00 -4.944866216835147377e+00
3.011662846240102387e-01 3.895699040840461258e+00
9.794150948065366569e-01 -1.328763866359413459e+00
8.029227444890512100e-01 1.721589114124538078e+00
1.164863200058539050e-01 3.068132361454048329e+00
1.001158036612803004e+00 -1.680728438668565250e+00
6.419444224364225793e-01 2.439847966201002638e+00
7.466645231173911768e-01 1.516174937499262576e+00
1.122187803923076821e+00 -8.065349337232673443e-01
1.148645353273115122e+00 -2.082133466801444843e+00
-1.995778586096341733e-03 5.086881838273455081e+00
2.296771345880291859e-01 3.640040478704967608e+00
1.704342738139265068e-01 4.970319461729743260e+00
5.387406633425947389e-01 1.974832096211768029e+00
8.153432120351121748e-01 1.492272578152628482e+00
5.506320611097363926e-01 2.461347329974649334e+00
8.298928724914447219e-01 -2.764864944022538129e-02
2.086548451017363748e-01 4.756506016211039523e+00
5.862149809766009634e-01 2.021421325642100975e+00
1.193751629165919148e+00 -1.827161542886226897e+00
1.169544668484349126e+00 1.741675926770817062e-01
6.664243298289896922e-01 2.880641997862773973e-01
1.239114279694171206e+00 -3.103401536055844234e-01
3.479023327121384956e-01 3.941513218140753949e+00
2.536462196532670577e-01 4.098327829483576323e+00
3.998841093179679729e-01 1.783777970053614270e+00
1.065558560554613177e+00 -2.416318952412300991e+00
1.426239120113147463e-01 3.625446382895204600e+00
-5.928906290852410388e-01 8.773298668239100095e+00
1.255034889507394835e+00 9.198099681980420605e-02
3.258078738938122165e-01 3.274096680311927354e+00
8.815553018374964189e-01 1.381295389620524450e+00
5.726881830748162816e-01 2.743460852566232511e+00
1.565517762418512149e+00 -3.410519029069339236e+00
4.068564382300909887e-01 2.809763658423168664e+00
6.878187979817657061e-01 4.682668976653731607e-01
5.566493430712659007e-01 2.541241554252629875e+00
1.602149504221642040e+00 -3.430670473235825302e+00
1.751674143527913952e+00 -5.331634985788589631e+00
4.448422359337964038e-01 1.932022258656450830e+00
1.446125720109725510e-01 4.760478973482872966e+00
1.656378475016628382e+00 -3.881443245207942372e+00
9.519967363594581400e-01 -7.619183190689132745e-01
1.726231135578395470e+00 -4.148518751456848008e+00
2.528421061999264197e-02 4.899627530429688349e+00
5.175500143684295118e-01 1.188687863613802298e+00
1.139941771989104957e+00 -7.293057673549213638e-01
3.551114143893577269e-01 3.983077608865750907e+00
5.572503414406686506e-01 2.369770178969465402e+00
1.826246144078305100e-01 4.159527787623564343e+00
1.074998381266498049e+00 -6.284511984582369371e-01
1.154120470415593402e+00 -8.402669837059205671e-01
-1.329011544994138649e-01 4.787721684389510735e+00
1.202342759611942258e+00 -1.508123697656401418e+00
4.822110208128513875e-01 1.978045314007131683e+00
1.072545400744616240e+00 -7.022885388812806218e-01
9.655405995217445358e-01 -4.364586886664415522e-01
-1.061207362100876628e-01 6.064463758216516176e+00
3.478281885261225725e-01 1.843308092017356792e+00
4.148926632426817029e-01 1.392016897195214487e+00
4.083711159927734258e-01 2.503254402106763976e+00
2.607452651480608452e-01 3.567459870938734401e+00
1.762881427999321016e+00 -4.172678123648921655e+00
6.869036087089649412e-01 6.219649435614638122e-02
1.450870788306479309e+00 -1.780458919239653603e+00
9.348401413262725779e-01 -1.309794740218066078e+00
2.841467597065713835e-01 3.797615663868141755e+00
4.541762703636078591e-01 2.813450010918540301e+00
1.370295597214274075e+00 -2.563743346680957824e+00
9.536279691566424965e-01 2.366447317013779195e+00
2.620012188693100486e-01 4.937202035029574887e+00
1.697426805830744012e-01 3.222484529811104448e+00
7.633524588027901236e-01 -5.766430626558481931e-01
-3.731728093194027762e-01 6.835021403741290413e+00
9.727964608360122334e-01 1.420973533829463786e+00
1.043163184645522046e+00 2.875585055713592020e-01
6.552833847885148888e-01 2.253191488116587760e+00
1.133009757617201796e+00 -3.493645148760469166e+00
9.335129142663249890e-01 2.551652022108661377e-01
1.251381596615899872e+00 -8.316527175443430009e-01
6.545317170370346105e-01 1.385377451033404927e+00
7.958133947542452846e-01 4.694264951115950657e-01
7.615381284557986019e-01 1.452638236962825680e+00
7.283359693118316436e-01 8.284374807833496668e-01
-8.357396416095230762e-02 4.915096098655846291e+00
4.840170689373459734e-01 3.317088671921353260e+00
6.088720294590365123e-01 1.736891075326737033e+00
-1.280471456003795527e-02 6.136604624748823511e+00
