8.684543996047947578e-01 1.635351279148068437e-01
1.289556176441176705e+00 -2.998445471073729607e+00
-2.998445471073729607e+00 3.161982345287549379e+01
2.177338204656553700e-01 1.642128363155630488e+00
-3.110996592995470822e-01 4.782117269111431312e+00
1.753045266969585292e+00 -1.291515751129440615e-02
3.112894911643636631e-01 6.471673585211562552e-01
1.664936887936924403e+00 7.353537461454441981e+00
1.763586732751692088e+00 3.418392069599550886e+00
6.831502268854560134e-01 -3.986189789627382130e+00
6.795655847524730842e-01 -3.893708928946093994e+00
1.862241751404777990e+00 -3.545044369735423917e+00
2.868996915441854867e-01 1.862712127300414355e+00
-3.492582299396751466e-02 1.048159849899292784e+00
1.045698318332435095e+00 5.395424904295921920e+00
9.595031597144528801e-01 -6.739332445238711777e+00
4.588428433095775305e-01 1.172623170238896950e+00
-4.108560717975034970e-01 5.776365958354300112e+00
3.997803074518103128e-01 -1.262439820335313989e+00
1.212116614957694294e+00 -2.436773688388084391e+00
9.363136027380924986e-01 1.283570585418150944e+00
1.161463144168695116e-01 3.551278979014376169e+00
-6.375293078341327524e-01 3.039504887466436767e+00
1.513507603658315048e-02 1.850955258276322013e+00
5.994428332114986047e-01 -5.106186185182961523e+00
-2.303367588345012207e-01 7.295461978022435012e+00
9.173630364703100337e-01 3.173199649340712636e+00
-2.344607295258113178e-01 6.421844107828017734e+00
7.483305961651445237e-01 -4.070031860376501776e+00
1.606624560327348794e-01 4.570701801305832035e+00
1.827392429776724114e+00 9.220429181928807338e+00
1.493029732317175950e-01 3.498446741006742577e+00
2.204341493929405260e+00 3.449727807872080554e-01
7.151151560807045282e-01 -1.043620928434977113e+00
2.372803072478100184e-01 -1.738613996258738248e-01
-1.849956820517796974e+00 -4.133296673862583148e+00
1.632957311873726391e+00 4.839046173183184862e+00
1.326278961548194246e+00 4.915669958122906302e-02
-1.377076022037694303e-01 7.865277575338073035e+00
5.302936620059728323e-01 3.820227733320629593e+00
2.082760450860167811e+00 -2.465728884689904810e+00
2.262888396404532987e+00 -1.396407982310114981e+00
6.256763170922390316e-01 -4.424483914461515566e-01
-4.624565424159118310e-01 1.586928057705899509e+00
5.161611483922449173e-01 7.136214046254113264e+00
-2.000424401285075815e-01 -6.580980564872088934e+00
1.039696345732950000e+00 -5.113322047381662294e+00
5.700329846294900360e-01 -3.994253942259704093e+00
3.344353628805610823e-01 1.101461587472202464e+00
2.361867175603358238e-01 7.596126958298973775e-02
1.443838717117523984e+00 -9.667060179260133168e+00
2.227606531723266503e+00 -1.144725140894273885e+01
2.849254322927028404e-01 -1.287449305877391037e+00
6.230972690507210476e-01 -1.861241539594876038e+00
2.259781219011433695e+00 -4.295386639665443873e+00
2.575575093035047836e+00 -2.771675150551317302e+00
9.053731759308469851e-01 2.253830800381153132e+00
4.435186269100724887e-01 -2.416393685721724971e-01
-7.291338054374817412e-01 1.147196762923000879e+00
7.941119542302907952e-01 5.647710986922357179e+00
1.384561324165322738e+00 7.841685303760702608e-01
3.078379953449372319e+00 -1.229544038234048742e+01
3.376097221299915185e-01 1.401424140198858304e+00
1.748197182678697281e+00 -6.386386397866496978e+00
1.330262018294524395e+00 2.391685518396233778e+00
1.298144037879939150e-01 3.734159816854683900e+00
7.407011264899291403e-01 -2.489268220155748779e+00
1.555273896051245330e+00 -4.645641209471007560e-01
3.728332775849482195e-01 4.499184438983015788e+00
9.411855819501907527e-01 -3.130605664766314966e+00
-9.791704209364582301e-02 3.595468791970201750e+00
3.731619967238585800e-01 -7.894358033860260804e+00
9.584115319141290890e-01 8.801089714087442673e+00
6.145752970349949162e-01 -1.629443162683018365e+00
-1.236297104816438619e+00 -1.950520763492438747e-02
6.071926832053451406e-01 4.265510818619661748e+00
9.651972397744060794e-01 -5.669458619150925749e+00
-3.398056024510641704e-01 5.575070775016317537e-01
9.713528766647258061e-01 1.200531608252210880e+01
3.182715312519214912e+00 -2.006621494724189159e+00
3.744610241746030299e-01 -7.739654252040138793e+00
-1.377933942514256938e+00 5.147765689321921911e+00
1.355878920650281039e+00 -1.432372334942721093e+00
1.488155208788312311e+00 1.195209524435692394e+00
-1.506650970470738704e-01 6.450315550260317110e+00
-6.903445027504669929e-01 3.705025453067157581e+00
9.918404514275299677e-01 4.860530247174631668e+00
1.726650433081534874e+00 1.314746057526615441e+00
-2.658438974450908487e-01 -9.130145023152199002e+00
2.861655297837457645e+00 -1.172258247902054862e+01
-2.747057604264225850e-01 5.491294065541980629e+00
7.968127283557823182e-01 -3.464263111143951246e+00
-1.234156692588849857e+00 1.309848120804655291e+00
6.898219140054132614e-01 2.364093601884218465e+00
2.220577969898256399e+00 -4.909042440377676897e+00
9.635500742495229920e-01 3.402558862242420989e+00
-1.114109971645626196e+00 1.263491350238744459e+01
9.805152841008816234e-01 -5.649155113465010869e-01
1.503826700892912704e+00 5.162897288089264514e+00
-4.551706544086630002e-01 -2.304388981953642279e-02
-1.052597201419131601e+00 6.172070641551921533e+00
2.330566021390908293e+00 -3.853593068629665108e+00
2.138148638186972983e-01 1.209966508981221267e+01
