2.489177764847266827e-01 5.993952854544050135e-01
3.156298119454171713e-01 -1.099867505609326557e+00
-1.099867505609326557e+00 1.185148587808329523e+01
1.362057451635270700e-01 -1.738244270575193706e+00
2.529273079591337070e-01 -5.061628491422315967e+00
1.396039183866187305e-01 -3.746656846494721638e+00
1.934824515606145545e-02 1.545009482503151510e+00
6.232216928972263981e-01 -7.405209884874265347e-01
7.082969176529279043e-01 -1.800365602732750148e+00
-1.261978742813126275e-01 2.526155642249270805e+00
5.524314853987106755e-01 -5.295927345607419623e-01
-6.654493783859386502e-01 9.478397326654450339e+00
1.312664851026958068e+00 -3.729693351493445608e+00
6.890082379552200376e-01 2.415068487706580669e+00
-5.010262609539606338e-02 1.303735726835089537e+00
-1.707004759125059223e-01 3.708130358925374015e+00
-1.222465339510224736e-01 1.708556060489657913e+00
7.226687930147804861e-01 -4.075413212994562606e+00
5.446461508182471878e-01 -4.429984446924847497e+00
1.002563737334077443e+00 -2.015235149012169380e+00
-7.577412846434218308e-01 9.406085366585208440e-01
-1.953661920782130967e-01 9.854529920323762404e-01
1.606326040102326935e+00 -1.395536679457655138e-01
-8.001614592551936633e-01 1.066189057188862810e+00
5.238300253236736204e-01 -3.500221070630333831e+00
7.095041564066375539e-01 6.339655168712003963e+00
8.000277372131133768e-01 -2.500899796832110944e+00
1.923767424463239117e-01 2.816165532799219218e+00
-3.746305126463129742e-01 5.641256781197509618e+00
6.294788733856779284e-02 1.789030040705301694e+00
-3.579981523595051618e-01 -3.880729834836132763e+00
4.860777101188461513e-01 -1.076203767489339214e+00
2.764910058004397264e-01 -3.019361890426149664e+00
7.545707878136140856e-01 -3.723924207229085681e-01
1.090418108957434407e-01 -1.923132088087065039e+00
-7.177351412207068071e-01 4.026660176507421696e+00
1.068644070642460475e-02 2.033196687771394284e+00
8.592247761325007005e-01 1.667460981622807648e+00
2.126831492194926621e-01 -8.635163352736877629e-01
-4.898895185367495575e-01 5.931440771639256759e+00
-3.346062924127024552e-01 -2.561540468660594705e+00
1.685711881994748640e-01 -2.077794310775323616e+00
-2.180204387707528335e-01 1.469902008162186302e+00
-1.406036774348174978e-01 -1.315189994914567340e-01
4.327903280433315070e-02 4.007600913576548685e+00
3.375473421113278638e-01 2.667285149880854078e+00
-2.287284096480744489e-01 5.471426344431924882e+00
7.483315414849300851e-01 -4.091478824527667868e+00
-2.856597929235917821e-01 6.517087983713205190e+00
5.694991179338060316e-01 2.143226318115351248e+00
8.903658159619229351e-02 -3.749479027288535882e-01
9.413297856425493215e-01 -1.082958525190778065e-01
3.506018171434762132e-01 -1.372659420277399178e+00
6.169392337918516711e-01 -4.806552171237670201e+00
-7.635387317182652511e-01 6.084765220634567484e+00
5.585283214686806996e-01 3.337076725036333347e+00
3.821462531662201401e-01 -8.785911120913093564e-01
6.771936328795378213e-01 -1.196941141681809206e+00
-7.736914588098168233e-01 4.863308440499575447e+00
8.509672330960531550e-01 -5.580867631196170242e-01
8.258110656979651409e-01 -1.096346926777265196e-01
-2.934009563947400645e-01 8.968470795727743194e+00
3.296687170024198976e-01 2.754532444921515832e+00
2.363230163319886556e-01 -1.147609089926397097e+00
6.563602104741219634e-01 -1.873089353087284525e+00
1.606716942355830291e-01 4.107881039805425516e+00
1.801180971894667859e+00 -3.772230225772200018e+00
-3.522184677688595666e-01 1.955130068715627001e+00
9.900573517334562146e-01 -2.448501439624430009e+00
1.005414875933999252e-02 3.916811249320270694e+00
-3.103337528875347306e-01 -3.299979659647400698e+00
2.555161286530118758e-01 1.474022635267823844e+00
-5.242248050419784366e-01 4.912136979197474496e+00
6.460302909384538772e-01 2.223240272958685981e+00
-5.651065868214871779e-01 3.054685577325810808e+00
1.044112387312690515e+00 -4.844742871025243147e+00
7.686236762823490665e-01 -2.358746486806126974e+00
3.598626514056969539e-01 4.658912831868216031e+00
7.481984113856108287e-01 -3.155506757682961627e+00
7.292894014428428218e-01 2.298108564140058707e+00
5.077415296936026445e-01 4.731861460607399428e-01
-2.319965437068004510e-01 1.616772686109526180e+00
2.372744626071757734e-01 3.136909655698600918e+00
1.131945996063695947e+00 -3.709021749375089438e+00
1.748570529830010545e-01 9.011933594971709427e-01
7.598101927784997600e-02 2.095542669794964397e+00
-5.222009566486464083e-01 2.115463949707360181e-01
-4.610203227594749098e-01 2.282011524352797860e+00
3.444727029527698825e-01 9.051575988806406237e-01
-2.047907054336665644e-01 3.433886568034528963e+00
-2.351961899014238799e-01 -1.786181759638975297e+00
2.165521735043954843e-01 1.516481349170435422e+00
3.682567712489933642e-01 -1.335924090371165995e+00
3.146407070620472202e-01 -2.262605689923171237e+00
-1.141490901424335735e-01 6.488155056243289920e-01
7.997986626115560771e-01 -5.235914686512253446e+00
7.976031731975778971e-01 -3.531227110679826975e+00
-5.007142124168295627e-02 3.970776100172727752e+00
1.027887566395145225e+00 -2.702398848969566725e+00
1.179475433448369526e-01 1.381466628590646728e+00
-2.016924077366919477e-01 7.113719380458364050e+00
2.241437379493332882e-01 -1.460058032846767606e+00
-7.997836046901841689e-01 8.145428460732670572e+00
