9.590293900216683154e-01 6.080298145337493798e-01
5.807332999828551667e-01 -8.130977561459133973e-01
-8.130977561459133973e-01 1.207155449834081073e+00
-3.631944635112963615e-01 2.442887852576467900e+00
2.004911901647415950e-01 1.460428607857300110e+00
1.383078370936509316e+00 7.124212427332599074e-02
-4.239402076401118658e-01 3.186277702543862222e+00
-6.938886001468033138e-01 2.875351992858425465e+00
-6.980531510205078005e-01 3.187072035403277326e+00
2.060141273057313427e+00 -1.001704554403072045e+00
1.575103826654832506e+00 -2.720610660000569725e-01
2.531289400208914575e+00 -1.719392807278196322e+00
2.027129211669223885e+00 -5.858785705989230097e-01
1.315587610456597112e+00 1.360772561087706389e-01
1.674183106598373882e+00 -5.277999745192903935e-01
5.957502380838575196e-01 1.128576447209078459e+00
-5.958744769180649437e-01 3.287007939208812068e+00
-6.981090730075002471e-01 2.781351761401408051e+00
8.672472146574818908e-01 7.447432300348095779e-01
8.628798883482300397e-01 7.891954982607416458e-01
1.823139933748901820e-01 1.469498019683353363e+00
1.133224842461886261e+00 -5.627297527876218286e-02
1.441420909205942902e+00 -1.868307739277884627e-01
1.640037567978257727e+00 -6.368755856487829936e-01
8.797330336341903090e-01 1.007470052803676630e+00
2.099375701290709717e+00 -1.185155995298121656e+00
1.307543928461544214e+00 1.834334233315916829e-01
1.389367193401653822e-01 1.834133422612734599e+00
1.105135715172558930e+00 6.141162880876341879e-01
-9.678456725767647928e-02 1.946013842156830265e+00
3.524594294355590796e-01 1.383940086095165167e+00
2.643242184456662258e-02 2.111160563673935009e+00
1.583160307990779447e+00 -3.140935767728424421e-01
1.388402285177525286e+00 4.824114724798511666e-02
1.112144956904242754e+00 1.253601115591401194e-01
1.548329521700610112e+00 -3.072955359456972513e-01
3.463227927493381930e-01 1.788151471839934281e+00
7.345527577759523030e-01 1.332263031069933490e+00
1.706492581470159475e+00 -5.729666538784398133e-01
1.283162474721255553e+00 5.588958648293516074e-01
1.500899987541057801e+00 -1.947347187536397906e-01
2.163398115246256026e+00 -1.413121092568820458e+00
2.055931848014470598e-01 2.219177557720727556e+00
-2.463228403777478759e-01 2.637237869458007200e+00
5.455111119135191977e-01 1.119630905130552190e+00
3.978092285436842790e-01 1.628790314315767596e+00
1.632032591371807007e+00 -2.952061767365762313e-01
8.061904903501919684e-01 9.257063052524694413e-01
1.098193935555160872e+00 8.526836337386300979e-02
1.229470643074515923e+00 -8.519254274081267120e-02
1.579171793319254391e+00 -7.041243284746309117e-01
8.429419399509272548e-01 6.280828070522213036e-01
4.962381111587202409e-01 1.031990183233879144e+00
1.404903116790551909e+00 -2.868542637132531770e-01
7.691251470784692401e-01 8.271249458470724125e-01
1.537635276176959387e+00 1.890362853241894792e-01
9.127473026648201815e-01 6.341498806859227066e-01
8.978999768234837697e-01 9.760790428166139510e-01
8.921701642037607183e-01 7.628970051998321678e-01
1.124657339458902339e+00 1.987972920580162728e-01
1.087619407624999424e+00 -3.297007041891097945e-02
1.067077339391880875e+00 6.571180702396079987e-01
3.970381296329223986e-01 9.405091441415790454e-01
1.458041770132058268e+00 -5.272258107377891800e-02
1.187213081576746765e+00 2.991340817689873144e-01
4.544257001702134424e-01 1.256811968654276690e+00
5.194929435563369058e-01 9.756171140305878176e-01
1.310181417289575379e+00 5.510939567233759107e-01
5.321199425841778297e-01 1.267913422461508066e+00
2.119000784878516175e+00 -1.046790169909582069e+00
2.160228324164624958e+00 -1.036799749851763153e+00
1.416522124669576943e-01 2.145747759781824637e+00
1.657584416110658765e+00 -3.099559346418170325e-01
1.507078562563255453e-01 2.163527677768528168e+00
1.181636788402351534e-01 1.712100721833029304e+00
1.188023696927058337e+00 8.055167950221117090e-01
-5.335633048018525448e-01 2.533372352580327558e+00
1.158180890138790886e+00 1.624287530631803311e-01
3.431789386172687806e-01 1.278530818913826250e+00
1.614589045770101317e+00 -2.559692030341373936e-01
8.677341024127050995e-01 5.865954226420696527e-01
1.229346843999854499e+00 5.114522376983313690e-01
1.827356870397148558e+00 -9.736128732405912034e-01
4.865815451749917475e-01 6.244143278211863324e-01
-5.052845781277311987e-01 2.453745071656916021e+00
1.198336112387731855e+00 2.949005006976412324e-01
9.822351343454408523e-01 8.502573765124888938e-01
1.974330825363157071e+00 -6.767322897573532225e-01
-3.353427317713230105e-01 2.190841999706489851e+00
4.921044644063957141e-01 1.679283834376343876e+00
1.194443158967620988e+00 1.130558113351050609e-01
6.219509868794163010e-01 6.563653658123406176e-01
9.974565399818511313e-01 1.986897708537279095e-01
8.474285747709529026e-01 4.366847986930193493e-01
1.457862534915821406e-01 1.478108921330672842e+00
7.707147248807036943e-01 7.882524417794012361e-01
1.027980940168849111e+00 2.493801239937083469e-01
6.265458521534927883e-02 2.068378541719809061e+00
5.333918508902034672e-01 1.402051652358638822e+00
4.514742171334781284e-01 1.474291398826940158e+00
1.932072452895363668e+00 -9.050260630807113182e-01
2.628270801807355728e+00 -2.068597278963876462e+00
2.941562757194395861e-01 1.599318946310161582e+00
