8.916460173675250234e-01 3.077782569244704725e-01
3.511567591140664302e+00 -4.180024241711688404e+00
-4.180024241711688404e+00 6.598571314428306245e+00
4.986184269652468970e+00 -4.950342324298008023e+00
-6.181166112456847328e-01 2.374695952431420398e+00
-3.638083642990160849e-01 5.018823354899389910e-01
2.616004294927276597e+00 -5.119224410085067012e-01
2.863274438466399729e+00 -3.618416849756302955e+00
5.171962232302420581e+00 -5.882963842320327430e+00
1.217210349640222677e+00 3.413951717232042160e-01
-1.996869355363934950e+00 3.461116679509216532e+00
-1.091143675642777033e+00 3.572828637711942701e+00
9.698365123132447474e-01 -9.573739522527833223e-01
-9.826538264804690614e-01 2.395028883979437140e+00
1.327624964237983374e+00 -3.545098279757000759e-01
-1.248804469180248677e+00 3.381952697356391369e+00
3.983809943338629367e+00 -3.293785266821897650e+00
3.108086456863707880e+00 -1.261781231955545035e+00
9.588434057571665337e-01 1.754711837059854229e+00
-1.893290865957683700e+00 3.275005416621851406e+00
1.714554974579399982e+00 -3.556842494626138995e-01
2.251633154055983077e+00 -9.231743403325280983e-01
3.805734370432555247e-01 -1.312198488807730379e-01
6.281647683219795386e-01 -1.284019439025798182e+00
-2.272073197943949019e+00 3.268934491210403248e+00
3.830609765471526984e+00 -2.178209371103462910e+00
1.289228423380487154e+00 6.751051819567779333e-01
3.125472103306549787e+00 -1.089242066155277744e+00
7.816061874311696078e-01 -8.137522251298163756e-01
3.452084859225882152e+00 -1.282151053095959892e+00
-4.246334091450923998e-01 1.239889905288048766e+00
1.646207740233904593e+00 -2.700483514476374580e+00
-1.176108233456191421e+00 2.870764835389174152e+00
3.281288080116577355e+00 -1.399811790454463134e+00
2.095171420499733372e+00 -3.553499373425994534e-01
2.213776303969404502e+00 -4.209724297382190228e-01
1.852505790647275052e+00 -2.259301802498275835e-01
1.565464149833259766e+00 -1.878268808800955370e+00
3.532512287120093575e+00 -2.735608329758300261e+00
3.836711907205306193e+00 -1.946103953810742748e+00
2.392953432826217863e+00 -1.525550245429397656e+00
-2.954485037436399342e+00 3.604209206186100189e+00
3.953819828315222384e+00 -4.107358520418353365e+00
1.263918144436369406e+00 1.276107450862402182e+00
1.281439211324471472e+00 -1.081244796855891588e+00
-2.262953098206731628e+00 4.352434156566209467e+00
-1.290824162337570247e+00 5.690607898097054473e+00
1.899632464538687504e-01 2.778508272909794297e+00
-1.671776881426441097e+00 3.798351505624091740e+00
-7.586551951249275172e-01 1.661530713330392262e+00
-1.675725035056832013e+00 4.296849110341540268e+00
4.207603924415947994e+00 -4.741216933616440699e+00
4.054779144941220714e+00 -4.648015224727444661e+00
1.188465726210664375e+00 -3.943480114194056751e-01
-5.436407830147201858e-01 1.257303985213542363e+00
2.604149117125545754e+00 -1.471815344753171217e+00
4.604629764354281618e-01 6.248269296774397463e-02
-1.823740239823786080e+00 5.097769136832035031e+00
-7.552000976953213707e-01 4.984453988244640144e+00
1.965853618466584241e-01 1.444037144435178277e+00
3.045790340317135581e+00 -2.612746540753988267e+00
1.428186088160999567e+00 -3.037114775999175675e-01
9.632615127352011086e-01 -1.504569995618006417e-01
2.260014340271315980e+00 -1.943859735571586977e+00
-9.895972364759342277e-02 -4.084446595137544156e-01
-4.674839938111575721e-01 1.437129822637667420e+00
1.615877453614140258e+00 -5.389862167840384632e-01
2.513904992183358278e+00 -2.666513489149619609e+00
1.582518479942170764e+00 6.910384021879896199e-01
2.281797919624892312e+00 -8.093134741017504741e-01
3.222333100430122776e+00 -1.749164475801687324e+00
-1.003180598904501064e+00 3.412927288644272306e+00
3.205989686352665125e+00 -1.272615422780728256e+00
1.038276285447257807e+00 2.164711015703812080e+00
4.778765248116273456e-01 -5.138821299731287651e-01
2.242690922576810575e+00 -7.664781503615447633e-02
1.455444106987345387e+00 7.912428728276315049e-01
1.136500088134947184e+00 -8.561068788952552744e-01
1.945512477480984881e+00 -1.283180351774760641e+00
1.048951363192483166e+00 -9.091966422912972634e-02
-2.614178661421219019e+00 3.983095921426234920e+00
-2.176209557130945882e+00 2.947539956082454005e+00
8.150364973406283298e-01 1.358237825764722961e+00
2.577700268385095139e+00 -1.854449648794973093e+00
4.629712140812334287e-01 8.101690650785501324e-01
1.032211762581115133e+00 -8.112273863428691723e-01
1.854799956061879751e+00 -1.059964454704365178e+00
-7.965716009287803212e-01 2.016344108853077799e+00
-3.813658070766872576e+00 7.775379682745988674e+00
2.958118331915136068e+00 3.629189316978326252e-02
-4.837269839796690674e-01 1.740127190212451991e+00
-3.955607105184814065e-01 1.859184698735492081e+00
4.010069409883720293e-01 -2.121899207038262514e-01
2.770329002518130856e+00 -6.190900027167532960e-01
9.653724582541486354e-01 -1.490911712209771034e+00
3.848813773006243277e-02 7.357112323272949617e-01
1.452032601860025363e+00 1.944115710568777855e-02
2.154976102945675542e+00 -3.505869385701835039e+00
5.384230886895700507e+00 -3.353654110273253774e+00
6.406541829047351921e-01 -6.956245037946096055e-02
-7.688929315474318793e-01 9.897971919055051915e-01
3.287864589244622326e-01 1.551234105610995506e+00
2.463748840660577866e-01 1.381947985325044481e+00
