4.044836469588360961e-01 9.972998935099438578e-01
1.539042080556556336e+01 -1.410843403826627984e+01
-1.410843403826627984e+01 3.617709011901930438e+01
7.556029805306976321e+00 -1.423405361592913643e+01
-3.118888020250844662e+00 -2.601853166726074917e+00
-1.410671095940013497e+00 2.240937038017516425e-01
1.588170903302869252e+00 -4.113728598018241200e+00
-1.793100772045643332e+00 4.058483135894239702e+00
8.706299238006631747e-01 -1.616285345368833060e+00
-8.432751039418199257e-01 -3.699433696009749584e-01
-4.844694724145693243e+00 -6.572465896332327695e+00
-8.419908302502608910e-01 5.684398004983111541e+00
5.292638259240475485e+00 -1.089918382350612269e+01
-1.717199560779646639e+00 5.837521512722914530e+00
-1.566015973487617785e+00 2.785730052381990340e+00
3.698618087186353431e+00 -3.538019213541084840e-01
5.670935125715457659e+00 -2.646264186766265514e+00
1.309401681870808964e+00 -7.463112065846633225e-02
1.287035137111049998e-01 -3.906386529587020373e+00
1.527811989799854775e+00 5.521820617112874530e+00
-4.715820130461667148e+00 2.463140240802686787e+00
7.970732071040926847e+00 -1.123995598857347034e+01
-7.684440583829733606e-01 -1.813519844830927541e-01
-2.623184895942197503e+00 6.726523900126672117e+00
6.326895732029004016e+00 -5.936684653825436087e+00
-2.691641184190578517e+00 9.457778827862226123e+00
5.911573422884575102e-01 -3.913455400928472772e-01
-6.549098226413202717e+00 6.729485996305277773e+00
4.542806083874549650e+00 -1.268166271450857696e+00
-1.221607409166169056e+00 5.328794393648377259e+00
8.018471737696994950e-01 -5.909546928059202564e+00
4.838025683582612757e+00 -4.408871064540286433e+00
1.030523541376658025e+00 -2.525250080083833115e+00
-3.187066325964319269e+00 -6.699444154527455231e-01
4.918311703821457992e-01 -3.373872666092537775e-01
4.673227350879942676e-01 5.944736150685201004e+00
5.077413464815452748e+00 -8.126672486206730994e+00
-4.259826004995843185e+00 1.048738686068582560e+01
4.497877813521996004e-01 -2.959538454145556052e+00
2.536680367876648301e+00 2.454844552703666416e+00
6.057730416934220541e-01 -5.983123925599621584e-01
3.358505267157999796e+00 -1.076496796105429476e-01
-1.448136961766793629e+00 7.030594204947627546e+00
-2.571399940885170210e+00 3.230371187105248065e+00
4.749700103876625334e+00 3.232689944701335083e+00
-2.892051037898346166e+00 -1.480411643373319652e+00
-4.076148469681339925e+00 1.091426802787291095e+01
4.522265684544250597e+00 -3.001823491896785878e+00
-4.175698076219431343e+00 3.538342845481386778e+00
6.279548326396390268e-01 5.882534172071093082e+00
3.507704928777525488e+00 -1.079756615833947997e+01
4.444218933451158371e+00 -1.714605763151419993e+00
-1.715445202889781751e+00 5.507775038922271271e+00
3.165597607301468219e+00 -6.553049942325023247e-01
-3.073666238210249979e+00 1.237264303854204073e+01
3.187454056738638020e+00 -1.900279489107821185e+00
-8.504917750060442927e+00 8.175435346597678787e+00
-3.431674794021328800e+00 -3.128300387195282806e+00
-4.323961978347210966e+00 1.200887184096175275e+01
2.349355864703781993e+00 -3.531683615244904484e+00
-5.738469464529969422e+00 5.451264145044754983e+00
6.156267098489571765e+00 -2.337824400969687577e+00
1.566295556308863191e+00 -1.690531259182146417e+00
7.257464078443341293e+00 -9.911163615850339781e+00
1.999037978974155916e+00 8.968676445574840228e-01
7.972800461524479410e+00 -1.043432263995314102e+01
-4.262638773942250658e+00 -7.248534607766415894e-01
1.719518795431462799e+00 5.709927314489199546e+00
6.281184921071303329e-02 2.394779310924322502e+00
8.870977131417100425e-01 -5.914306099875043188e+00
5.243477162812209436e+00 3.557387020050364335e+00
9.954544826614618813e+00 -1.048934090638320704e+01
5.972377003577396870e+00 -1.547755901711510340e+00
4.135626981806363567e+00 1.345467242227162963e+01
3.093514574949610463e+00 8.861381578295564054e+00
2.995421713073088466e+00 -9.397076664629803178e-01
-7.072974650675103447e+00 7.002962551841465988e+00
7.138525663459756032e+00 -3.624236814961232067e+00
-2.690693335594879443e+00 6.172815042943479824e+00
-5.315352776073465790e+00 9.113091428099892255e+00
2.066805321315659860e+00 4.152064877884971139e-01
-2.176569369540724885e+00 -2.172942215397656085e+00
-2.201113951759819276e+00 7.896507361116732460e-01
8.185425324573506245e+00 -2.781453507196082864e+00
3.826678279623938028e+00 -3.351661169524674744e+00
3.621301143024698632e+00 1.714110086374599273e+00
1.980949901807953051e+00 -1.853684747422106760e+00
-3.804783529507681283e+00 1.182630481313496773e+01
2.942209698038209531e+00 -8.638488679317080088e-02
-3.931032987181290128e+00 1.073422583914437389e+01
2.353370269390808289e+00 -3.121885216074759217e+00
-3.551468292245971714e+00 1.133269400806343086e+01
-2.701626699089468620e+00 4.949124679240457958e+00
1.553890691438572613e+00 1.102426905737351470e+00
-3.424211996255357882e+00 3.633950274109098988e+00
-1.962000796201992969e+00 6.630830551374858883e-01
6.972964025373850738e+00 -3.476098500014215720e+00
6.703910522134753691e+00 -4.182732818214367043e+00
-5.280907468959687989e+00 6.345475188415494294e+00
2.130229192327348198e+00 6.123038042287225480e-01
9.706245225873754379e+00 -1.004460757873451371e+01
1.681323153287098915e+00 -2.565811927361519196e+00
-7.807500466323924471e+00 3.545997724286990227e+00
