1.762555461664645495e-01 2.650753665543889026e-01
2.751043730297187961e-01 -9.221328400428664418e-01
-9.221328400428664418e-01 1.115157626659209811e+01
1.144276213998262626e-01 -1.165346023458405877e+00
-2.152322410841807643e-01 3.467540435862153547e+00
1.106792005251405198e-01 2.082040194347818396e+00
-3.302305714285628246e-01 -4.720481906939688610e-01
-5.325919574918236421e-02 5.266238456096920650e+00
4.241125172968564505e-01 -1.027226327095128067e+00
-4.911904915086656720e-02 -1.071175947701704878e+00
7.680080321688104172e-01 2.634165224207870803e+00
3.351847289391866602e-01 -1.021624251099842451e-01
-8.146868041889172574e-01 2.679438929135760539e+00
2.485630294075973357e-01 6.185520978503542544e+00
8.864462156668106996e-01 -6.797001393226530297e+00
-8.511516229993016935e-01 7.366572697287622207e-01
3.811808189016135939e-01 5.797167701268638451e-01
7.718265767356221607e-01 -8.355735803219593194e+00
2.287496328037619542e-01 1.311011151766152683e+00
-6.589796371852421064e-01 6.995686412536759491e+00
-4.994084409640903166e-01 3.750230457003524975e+00
1.531845600651575712e-01 2.839181583769073924e+00
2.969780593268422364e-01 4.452916636380045645e+00
3.136218513739611469e-01 2.445348103325933664e+00
4.284527549109368172e-01 -8.374943005479834612e-01
-5.913631260932251665e-01 1.805897596576825137e+00
-4.057685192493973303e-02 3.399740064826468622e+00
-2.348945671702130089e-01 6.238696404513043303e-01
7.903667611264171278e-01 -2.156356173836659895e+00
1.186279473131066409e+00 -3.369687573944910586e+00
7.472339816225448406e-02 -1.932204156878624790e+00
1.146661379790600233e+00 -1.525043131707343402e+00
4.112043584570345134e-01 1.929036247721721775e+00
-7.150027399332292699e-02 3.613380156825723333e+00
4.792170650638100660e-01 2.537277960396052023e+00
8.331910913599659407e-01 -1.667829989097572518e+00
9.997955050613860362e-01 -5.424173037258470664e+00
2.665283034913276117e-01 2.167199689050785860e+00
-3.076268611099325367e-02 3.290743075936359840e+00
-1.617289961358807648e-01 8.315163091948546414e-01
4.680095328012053857e-01 -2.487560463741675054e+00
5.421541445415238858e-01 -1.995577980700855014e-01
2.812068686495858283e-02 -5.261707569815776697e-02
3.595642586699714927e-01 2.808496956822552182e+00
4.447941164214523901e-01 2.509120962936981059e+00
-2.304683198384052667e-02 5.425851699391090577e+00
2.286192119702126768e-02 -6.370950991473833813e-01
-1.890566127210624447e-02 3.842596057558177236e+00
-5.054436108519058113e-01 5.269458995583314653e+00
6.212117853432992387e-01 5.301864287429918221e-01
4.086118040346899960e-01 -1.461533268421575826e+00
-2.333079789283237782e-03 2.797637605960365814e+00
3.415868195862127865e-01 2.101505014360634416e+00
-1.024019445435056408e+00 1.484143680893375450e+00
-7.013807692626720103e-01 3.861748357428885114e+00
5.694098569158903000e-01 3.735026575284000616e-01
9.207278344184995911e-01 -1.594661279535659837e+00
4.037611908933309568e-01 -5.012071033600183911e-01
2.934468516558274009e-01 -8.738568021604627978e-01
-6.498521370212398396e-02 9.106269503348118022e+00
3.828532202882686808e-01 -7.939920408211707858e+00
4.623935498531691612e-01 4.679174852426259967e-01
-1.124930693187465858e-01 1.873375749094891241e+00
1.050787345685086638e-01 6.357125073671372917e+00
4.319037376595415978e-01 -2.679891961971712977e+00
2.883937475547232454e-01 -1.882233700988614977e+00
1.950486063659284675e-02 -7.130353984331911921e-01
8.283750153686333384e-01 2.791005051352783539e+00
7.340517307820133563e-01 -5.015452873775110731e+00
3.556067881228855976e-01 -3.348780766933238118e-01
-1.086554818111745702e-01 -1.150606257454209747e+00
1.061219460880839183e+00 -7.463613851290761270e-01
-2.571851806921973682e-01 5.968291409927021895e+00
4.257642704873064732e-01 -2.745269765197136280e+00
1.138733565402699210e-01 9.821349665075938873e+00
6.722192344947166553e-01 -2.819002360852070677e+00
-7.696626901699522572e-01 -1.100935945807380634e+00
-3.807531032927518044e-01 6.363814361121393759e-01
7.743638017114207184e-01 -3.046378155102993368e+00
-4.042447239574330498e-01 3.283482543204138793e+00
-1.376464879817224651e-01 -3.270668971288056559e-01
6.697326004097327035e-01 -4.780639058277361464e+00
2.230555566936247569e-01 8.499822986517506784e-01
-2.220344597315631052e-01 4.543869770341727232e+00
-1.082925446744818498e-01 -4.312282817391975165e+00
3.913570139392033576e-01 1.134373064174241552e+00
8.247016787874233978e-01 -4.969996108022064263e+00
-9.163826024074511745e-02 1.645001820172926177e+00
-6.613790539078288067e-01 7.321659640310906880e+00
7.280957990028651405e-01 4.896110692474515136e-01
-1.791535680045008849e-01 2.299608276249282657e+00
-5.638511612477237200e-01 5.949845332255828678e-01
-3.159921354026437035e-01 1.876617629783627450e+00
4.032184998884731364e-01 -6.361255520088319182e-01
-2.998317672665355427e-01 7.885747247066485777e+00
3.084811557654024705e-01 -8.003695617460854228e-01
-5.818982995361990929e-01 -4.431316946838068205e+00
-7.276921865306462678e-01 5.392714440512145657e+00
1.967949561111626000e-03 -3.297750210725056697e-01
3.716249402557352255e-01 -4.140645726427101714e+00
7.637741382139067170e-01 2.784572639088431778e+00
1.099845454649672760e-02 -1.806589215307730978e+00
-2.901440753882245094e-02 6.297723578165672187e+00
