2.295103117498021872e-01 8.058173981457048551e-01
2.406949103759850672e+01 -5.284190063878864585e+00
-5.284190063878864585e+00 1.494189220846843469e+00
4.544883402757934121e+00 6.946619775964175680e-01
1.784000454333903307e-01 9.922386116550601098e-01
4.554117966674199991e+00 -2.041806001051862385e-01
4.515837734826834371e+00 -3.421481291121013513e-01
7.235380096606121025e-01 4.537382288049517931e-01
5.952224418849684007e+00 3.922868972816187516e-01
-4.337246873483846521e-01 7.205117522736198543e-01
2.039624027578391452e+00 7.273254326267643011e-01
4.693186353757667462e+00 -1.069681532127174206e+00
-1.552395688841829546e+00 1.364179750558579318e+00
2.296216763109336423e+00 -4.194066678371248802e-01
-1.888067742185828291e+00 2.083277508274544942e+00
4.226194690864510051e+00 -1.893443416842455207e-02
7.231587618014298613e+00 -8.032817562276253209e-01
4.065059706511375381e+00 -8.764318879874439805e-01
-3.155459892773198938e+00 1.750176817852453715e+00
-5.936738782188498931e+00 2.075904183395976155e+00
7.403240188766333496e+00 -4.776108048678615603e-01
-2.416923323421790393e+00 1.749213706637938959e+00
-2.965533631900063138e+00 1.613413879977247056e+00
-5.713957928060478864e+00 2.220475769816756539e+00
9.398619838600524190e+00 -1.672712727962551105e+00
1.350693402187725933e+00 1.317503987526689180e+00
-6.355587595243290977e+00 1.005969243815997061e+00
4.457238591106801984e+00 -5.952747735760404169e-01
-2.387114048324273652e-01 -1.206119250121984177e-01
-6.607215544721919187e+00 2.593584922212714083e+00
1.052854471757905941e+01 -1.237498210896926798e+00
2.721693071916855722e+00 -5.411661194952825937e-01
-7.044594084336724960e-02 -3.400406087560956525e-01
3.409893041172592731e+00 1.361589358846637676e-01
-4.075863202981572897e+00 1.448458962950234241e+00
-3.137960615937377185e+00 1.234012804750334036e+00
-6.057901558002616760e+00 1.595851375095186597e+00
-1.917641485521226041e+00 7.854236975256607689e-01
7.290409604821781464e+00 -1.989451421930410469e-02
1.018039273787774057e+01 -1.898984478512509844e+00
6.071586947121241362e-01 1.891608775727581460e+00
5.497211126929585134e+00 -6.861877290715210354e-01
-1.214514909878916527e+00 8.160009933405245608e-01
8.608280382824673893e+00 4.254471999186493214e-02
2.377180819315356075e+00 4.885641266214501011e-01
-7.609144014181759452e+00 3.019305035847239083e+00
1.739494005411016397e-01 1.065582285035409305e+00
-2.324251331761130412e+00 1.691646248002508734e+00
1.910618776197397839e+00 2.149097079318236680e+00
-5.004968245496692170e+00 1.609441650039509009e+00
4.340900272425663786e+00 1.244150766394399588e-01
-7.051065198314098170e-01 1.074031293445912194e+00
-5.532867596807913735e+00 2.905349803191041858e+00
-1.727279794510842237e+00 1.130316731989247314e+00
7.385704089607608935e+00 -1.732805857399815741e+00
2.909815121535818783e+00 1.969247648307023146e-01
5.257964173013655262e+00 3.614615344937781027e-01
2.869988822674532702e+00 -1.059653452692292053e+00
-8.608263830993911903e-02 2.232046297322920037e+00
6.085255142047032439e-01 1.207414133247447285e+00
6.769135480329432353e-01 -5.371808473946464435e-01
4.114356027483164091e+00 -1.025641624133950991e+00
-6.835394733257172950e-01 1.146740946869337696e+00
-3.822150417085332652e-01 -9.255893271408344170e-02
-2.202288136105476024e+00 2.685202504029636561e+00
-2.109620077911197544e+00 1.890161740807777324e+00
1.080335722932411358e+01 -1.878993195682922446e+00
7.003453425687609979e+00 4.879296810103394000e-01
3.177602340671675130e+00 3.515338912594539456e-01
7.670900958240817857e+00 1.448123798629772363e-01
8.667934196165489880e-01 5.142068369676580097e-01
8.044820124089882896e+00 -1.074954272961602841e+00
8.912063539708028337e-01 9.865959686141088092e-01
-4.490430238655699569e+00 1.344585319140721325e+00
9.326739062961879601e-01 5.815036888746063504e-01
-8.833680269656644768e+00 2.192429416528060671e+00
4.877783628101205693e+00 -1.998080242409183693e-01
7.636447385153015688e+00 -1.489359377314874999e-01
-9.945316190056274763e+00 3.751743010518032939e+00
-3.869783727788731476e+00 2.679409003418376400e+00
-5.235541398085361564e+00 1.756553582995050711e+00
1.018878411146178387e+00 6.863929661680394645e-01
6.252607919772684930e+00 3.044596258320468873e-01
1.849264871260507537e+00 1.322517863807534777e+00
1.894131849505842791e+00 1.324759906779921170e+00
-3.495009963197083014e+00 2.547208062106221416e+00
-3.059822336278107180e+00 2.347291221914693526e+00
3.398720344940577842e+00 1.376347240203994460e-01
2.769357579771302369e+00 3.342137799531541553e-02
3.560008700437775619e-01 8.340994959019566446e-01
-1.120926382414299649e+00 4.585743115586013441e-01
-5.933780927276800732e+00 2.101831199672179018e+00
2.296378852478990318e+00 2.149377221807960980e-01
4.665470640289867355e+00 3.420102386812098882e-01
4.847788713303307517e+00 -5.867775238977210872e-01
7.919916584332209908e+00 -1.168261514711357751e+00
-4.940931050811076197e+00 7.532483823642908138e-01
7.365606995770168641e-01 7.896480592807036958e-01
4.143458990947779697e+00 -1.337958188410992566e-02
2.656228790346938151e+00 3.422705294748675797e-01
2.367814706241712752e+00 4.608773382223576576e-01
1.130312083113692978e+01 -1.012838956850081074e+00
-1.555773775825753713e+00 2.731399941589799596e+00
