8.559378205163425957e-02 9.422162286510995521e-01
1.651177418237050443e+00 -1.849932744860560252e+00
-1.849932744860560252e+00 2.006888221017494800e+01
7.021024833752291805e-01 -2.607448516061700694e+00
5.176310747762160602e-01 8.315379121251391226e+00
2.048564131541606437e-01 6.328079477911487061e+00
2.188687705761199087e+00 -4.173685629637491346e-03
-1.519730168941584858e-01 1.771679134241684661e+00
3.346515839547490878e-01 -1.032577775766801098e+00
1.423410421149308380e+00 -2.527154884098365528e+00
1.277820395070716319e+00 -3.713038198120297562e+00
2.175841541849374838e+00 1.980740276483996976e+00
-2.109705154236883207e+00 1.376897249684317437e+01
1.116132405525741139e-01 5.437358857817921276e+00
-1.515435549804729387e+00 3.095607825689984605e+00
-3.642356134524751266e-01 1.193811368653473703e+00
1.138197113215219325e+00 3.363693900263802217e+00
-9.747058192153935652e-01 2.374846881214576211e-01
1.784004221125279788e+00 -3.131727585955572213e+00
1.913009895799210047e-01 4.479830243252532540e+00
-3.264096331439492737e-01 8.786221177295852058e+00
2.602911637938943867e-01 6.103496569176616759e+00
3.532501378674590686e-01 -6.655657655928866490e+00
-2.937740577074853254e-01 5.711880464759120812e+00
2.178711060032683999e+00 -4.697442169973980342e+00
1.142173061582827387e+00 -3.282917060548987909e+00
1.158323580182504031e+00 3.938794893145992626e-01
5.845560430887610792e-01 -4.892211938203606891e+00
2.367981468492562636e-01 3.670146518979883865e+00
-1.178257341939512148e+00 7.680347619452316366e+00
-2.927899332003728872e-01 -6.564329263418519744e+00
-7.068355688921783564e-01 1.056527471355254555e+01
1.278293582233725800e+00 3.038378556121977159e+00
-1.120974250012528817e+00 8.714056408257015995e-01
5.669959287653345559e-01 7.179624695457718531e+00
1.497445101747583163e-01 -6.302437143526718799e+00
-1.362996331085189361e+00 9.857608677806572572e+00
-9.663334857949786860e-01 4.962108594456271504e+00
-1.751873702497655394e+00 4.628025723719080275e+00
-4.252990686579514179e-01 3.179175195661076980e+00
-3.408415792955910573e-01 1.469301647642334174e+00
2.350061421091632852e+00 2.183296525920404463e+00
1.617070466187493782e-01 7.068273164657366436e+00
-7.849826077052092232e-01 -1.254783452469905303e+00
2.249559495643355778e+00 -1.567987822525376274e-01
-2.227479705974079183e-01 5.842640700521867458e+00
1.151381395014134057e+00 -4.133477144596675146e+00
-1.469933314905084443e-01 -3.018063078784540831e-01
-5.136595189830887032e-01 3.112704672653893390e+00
1.018576031053524122e+00 6.606003954834614333e+00
-5.351600029312415518e-01 2.416183099262226186e+00
-5.374179261126436069e-01 -5.625949600494200453e+00
-1.350883961162859137e+00 6.278798426890519480e-01
1.465764494703862830e+00 -2.841251214693847782e+00
7.262326239297466346e-01 3.004569260086649152e+00
-1.033380998235748915e+00 6.663466735719010714e+00
-8.749208226481225426e-02 -7.508748477463466742e+00
3.438969317190806674e+00 -6.609445607098948017e+00
3.843068568154470732e-01 -2.981616351666649400e-01
-3.911622268673925262e+00 5.459975302091477189e+00
3.227343502870653191e-01 -4.186437679129235701e-01
-7.431946288402004885e-01 4.911844642342821032e+00
5.349388001223105427e-01 -5.858137324786106603e+00
1.206108053610160935e-01 -3.649105535735260641e+00
-1.051534316783920175e+00 2.753791095617413198e+00
2.865630676306435975e-01 -2.522263239384737954e+00
2.457513315915261121e+00 -4.264577574131221738e+00
6.627692777085372744e-02 -2.683611540513230587e+00
-1.805439593657467867e+00 -2.284541868886544869e-01
2.052893037755546768e+00 -7.874735100380810593e+00
-3.066986568888304121e-01 1.106198852810879929e+00
-2.209553065295804419e+00 3.449007714321718598e+00
2.085858772682606332e+00 -8.861217451351588892e+00
-7.754533050389866844e-01 -2.430924938350858877e+00
-1.502184333896765533e+00 7.807890157430760425e+00
3.074234419465301293e+00 -8.973513282703079241e+00
-2.070766857531768368e-01 -2.519443661184959105e+00
-1.261857300296767459e+00 3.930712918353139962e+00
1.473565387211988043e+00 -2.930172762326451519e+00
-5.119034146862236900e-01 2.655655406061508739e+00
-1.723534935397700529e+00 4.782359124151620122e+00
-2.709078946182995051e-01 -2.624937092130489535e+00
9.773749081307929742e-01 2.408000199572633004e-01
1.322304962508590531e+00 -3.353446279176096834e+00
3.582174438751363765e-01 -4.244904154270344065e+00
3.311621174601722117e-01 -7.748472960575258917e-01
1.130336614947748952e+00 1.269360376299700777e-01
-1.921292338632817343e-01 5.612791743028639146e+00
-2.349281823708023076e+00 2.444541334249461961e+00
1.930383964315075251e-01 -3.237649470806144070e+00
-3.164810016241821344e-01 6.534545347663328840e+00
2.177386545091586356e+00 -1.357054821477678086e+00
1.443590895292088394e+00 3.125512260571405854e+00
-8.776647456684709692e-01 1.079488551328631196e+01
1.588358887630926253e-01 3.811047072759768284e+00
1.881161580679423295e+00 -2.270024305422429389e+00
5.839789237524861676e-01 6.692816149794017733e+00
-1.740338335583550222e+00 -1.944585006203541244e+00
1.888507901429556934e+00 2.696589514446604330e+00
-3.276760185202163833e-01 5.961650602025304835e+00
-2.016937362655895072e+00 7.017196636424966272e+00
-3.811292462971351824e-01 -5.516608706059363598e+00
4.780916372146385207e+00 -7.450571491463398033e+00
