4.125200440357709164e-01 4.425749747863714223e-01
5.817594393011671805e+00 -6.992062800023008506e+00
-6.992062800023008506e+00 2.259675741769192570e+01
2.696654794623935647e+00 -6.631810378943148621e+00
1.226529080108659908e+00 -5.343789037478244630e+00
2.120617690094498187e+00 -2.514373521388037602e+00
-6.759452920208131044e-03 -4.872450012781991413e-01
-4.405080515559144372e-01 -5.165944784739205708e+00
2.797420524737824987e+00 3.109729738755595996e+00
2.674060730981260736e+00 7.480396146963841364e-01
2.171581351982868391e+00 -8.297796941432139306e+00
1.115179505213641287e+00 -7.923043086598824392e-01
-1.117920833894367583e+00 -1.613769950766360983e+00
1.034331917011806157e+00 -6.034108509247961827e-01
-5.287379078456242887e+00 1.722840430776362552e+01
1.331776500569434418e+00 5.529799586614519313e+00
2.613273467083483848e+00 5.387373878771608560e+00
1.398021912350922547e+00 9.260959568142343556e+00
1.483683120431791735e+00 -1.317014009370342409e+00
-4.994118284596520407e-01 2.583109061489104796e+00
-1.519581515660878956e+00 1.167105674431055817e+01
-1.459280360367728457e-01 -1.330476301188406207e+00
1.078778551200663682e-01 -5.123198152985199094e+00
-4.431186741627822556e+00 1.016447205211618687e+01
2.043986662064385840e+00 -2.083854675786276367e+00
1.919129648689647194e+00 -3.721707477394375907e+00
2.061893336037972091e+00 -4.871175648860511131e+00
1.766049688334109469e+00 3.093691550370358812e+00
-6.578820674179212125e-01 2.711514845305790899e+00
-1.052046732394456008e+00 2.029059766007388355e+00
-2.766023099369916416e+00 7.532813389974030827e+00
-1.394982545156578935e-01 5.098586860885499839e+00
-4.478733942372932209e-01 -1.224454995140125790e+00
5.689071101384211016e-01 3.947144675225986887e+00
-1.139240387552480360e+00 1.862492046076080099e+00
9.603636367878858326e-01 5.101011963652059222e+00
1.447944776881600615e-01 4.629261217845570542e+00
3.663902001387005503e-01 3.670525497097892220e+00
-1.016108430837898702e+00 1.423951168935676970e+00
-5.334888510910744674e-01 8.558175567676947537e+00
1.512650053172535092e+00 2.900579124883272186e+00
2.940572549152677517e+00 1.962012113487732468e-01
-3.629035109149398863e-01 -1.474203665383169604e+00
1.052813638647551064e+00 6.710550240365875663e-03
-9.799154605098815418e-01 -3.506698615037177724e+00
1.389045755433067630e-01 5.818267152048069768e+00
4.063006661214377147e+00 6.934209761406137096e-01
2.077465054066789385e-01 -7.439661708285709718e-01
-7.609480723167380001e-01 1.135251418952466729e+00
-2.257440018901933687e+00 5.526398348068155997e+00
5.582449689711608265e+00 -1.161560874394931808e+01
3.372431798889739873e+00 -4.654948549737953911e+00
-4.997957429181568711e-01 1.767155363995597028e+00
-3.859248019562928622e-01 -1.660205994813987340e+00
-6.628990320403865821e-01 4.511143557034168694e+00
-2.025426517423448036e+00 5.519180145759202460e+00
1.942520525993852054e+00 -4.794782239893004672e+00
1.551764453836062430e+00 -4.604965818623949048e+00
1.770095898378496901e+00 1.383096901628058317e+00
5.120295280597163767e+00 -2.933356870991604914e+00
-7.983001237366770253e-01 -1.487176932787330541e+00
3.591568426285819182e+00 -1.132511625400488597e+01
-1.351005965218826432e+00 7.460383504440311953e+00
4.382369739122697894e+00 2.431217888225708279e+00
-3.029511144703658232e-01 3.317831629177109498e+00
-4.819250297932557991e-01 -4.679949755692015545e-01
3.894718557907579815e+00 1.835911805207173675e+00
2.693373556638102961e+00 1.640951359208587812e-01
1.551042936219574120e+00 1.424017559589138227e+00
-2.138010162723771757e+00 6.789391969228966595e+00
6.655284625764796846e-01 -3.143261006708838678e+00
-1.514188541914048614e+00 1.861831809382569647e+00
4.002492805985557567e+00 -1.262709899329029994e+01
1.329543273217371757e+00 -2.439589065011714020e+00
-5.511772029708841281e-01 6.002522497664564138e-01
-8.145793147980168181e-01 9.620666056334301608e-01
-5.834986723921414820e-01 -2.535871875217999616e+00
3.230624748496975673e+00 -5.729482678029207410e-02
-1.826100327418282987e+00 6.190706142700571846e+00
7.138256007017775850e-01 -1.352656635527066387e+00
4.744961264132927958e+00 -1.503381533924854985e+01
2.898711176100862819e+00 -2.340774924019645375e+00
-1.306055776179412486e+00 1.296768256821657417e+00
-3.456926619194075734e+00 6.657517439708701801e+00
5.882982590324000727e-01 1.685239180670065284e+00
2.004286556226991589e+00 1.084843192996082228e+00
1.065300948497917677e+00 1.614523358998289027e+00
4.241936756812924592e-01 4.145896403488633086e-01
-2.532575634903394546e-01 2.232954028593142404e+00
-1.522788500221718522e+00 -4.115565766688892291e-01
6.245531285125225374e-01 4.772990635555544592e-01
-1.305304259576089088e+00 4.445144216117579816e+00
3.568607726967285565e+00 -2.751469202144340986e-01
2.997552124314262656e+00 2.269361861666846281e+00
5.228227153695819140e-01 -3.902701438678583656e+00
5.277756994679009495e+00 -3.492122194021245463e+00
-2.627661424980841876e+00 6.804382186615468342e+00
1.594614239141187717e+00 1.625793015263780061e+00
-1.127636244694877554e+00 3.889065244012246403e+00
1.880726515159594214e+00 -2.306251253426747638e+00
-3.930030502582523289e-01 -1.589126976459720675e+00
1.482602667831979470e+00 -3.818542302730673299e+00
1.251314066892249777e+00 1.818139038500897753e-01
