8.947242409475103520e-01 9.125775504201472099e-02
3.730045951171670815e+00 -1.532134782172049903e+00
-1.532134782172049903e+00 6.418299769204621752e-01
-4.415707758282089834e+00 2.330425906014332416e+00
1.817454389392707981e+00 -3.476079924438875701e-01
-2.810027195536047850e-01 4.988536438395073658e-01
-3.398537557854648394e+00 1.982590891458837934e+00
3.924156365174080285e+00 -1.162148806932814527e+00
3.047136482811399372e+00 -1.171841945289165299e+00
-1.457383398004440389e-01 3.369976236541981640e-01
1.285870641709223161e+00 -2.730342287297767845e-01
3.349647354815727063e+00 -9.665573198027715973e-01
2.582444811917500083e+00 -7.023061041934410831e-01
-8.085493592978080235e-01 8.833275338202355442e-01
2.884044478244060628e+00 -8.765718454738373744e-01
3.343287567438494978e+00 -9.340441793482586741e-01
-3.201829841289146605e-01 5.041644933493720782e-01
-2.267550036899658394e+00 1.353955085376974843e+00
4.327622019634118189e+00 -1.368541487334902218e+00
5.432139150204950973e-02 2.802848306234461129e-01
1.942128059470727308e+00 -6.256532831064176570e-01
-3.111346443658981054e-01 6.087500853342743268e-01
-1.153493280105452268e+00 8.494509277041575324e-01
-1.782227315976722348e+00 1.371434603521931361e+00
2.952888774741392997e+00 -7.544208257995353994e-01
-1.975484114003765779e+00 1.249197903770371543e+00
7.233363029629107377e-01 1.918379175863004216e-01
9.591371193474603762e-01 -1.179609136038987927e-01
-1.634625360549416762e+00 1.190095979106952750e+00
1.024680815087007257e+00 -3.223312434522869474e-02
1.962002990123507651e+00 -2.205585004697521168e-01
-1.399104599871096699e+00 9.051419281896152524e-01
1.831648379746964928e+00 -2.289516004243677405e-01
1.950327386765333681e+00 -4.066436941636359381e-01
7.729850625175859191e-01 2.760295900596809737e-01
-2.241398916867584745e+00 1.351348457969058448e+00
2.844578285599627332e+00 -7.031704605724259372e-01
5.295013019900819407e-01 2.021269307469989451e-01
-2.455152376329029273e+00 1.354846761220922069e+00
-9.202342151142742788e-01 6.743379629245672691e-01
-1.164972280934709392e+00 7.800944153661841796e-01
6.832035613399467522e-01 1.527841128465542986e-01
-1.896076202088731844e+00 1.058882193419270035e+00
1.333046860292973479e+00 -3.389331615546687382e-01
3.902116519463111333e-01 4.453785850704411464e-01
-7.823950595726875124e-01 8.789338593559338220e-01
1.387141393071886331e+00 -1.031491448517860288e-01
1.699104837724546568e-01 2.919832983914670832e-01
1.580492812278570858e+00 -4.591836500905341900e-01
-5.273338698190367380e-01 8.518385327122188766e-01
5.064401694841999202e+00 -1.742297143567951512e+00
1.745065154949029695e+00 -1.085804953844564380e-01
8.509921320962869906e-01 1.538464018208224870e-01
1.317708427936539639e+00 -2.006297228510042219e-01
-2.731604577685912805e+00 1.663569907568896333e+00
1.383521149949094031e+00 -1.497171190084361780e-01
-1.118140933058392683e+00 7.875801635149197732e-01
-9.041949082140546823e-01 9.534910193789212229e-01
1.657456369856123324e+00 3.716137207342709581e-02
2.145493607961352467e+00 -4.436331041757803906e-01
1.918032832209767946e+00 -1.729210377011394795e-01
-8.464556228256813197e-01 8.271338031232786658e-01
4.111056553107457212e+00 -1.061393284343897125e+00
1.326297000006665172e+00 -7.968258584977344627e-02
1.418485744366121404e-01 2.701339822013530401e-01
1.849628181710148978e+00 -1.277328616660369232e-01
1.631751818734827886e-02 3.080274993590025323e-01
4.379428642696404417e+00 -1.302136560494450368e+00
2.195457402808487224e+00 -4.924489758567492936e-01
-6.778708402475920325e-01 7.954051006490473474e-01
1.022365457465456151e+00 -8.703852703673145563e-02
2.910849052602588749e-01 3.035761074235832635e-01
4.174003162000859413e-01 2.108895150595983814e-01
3.126797166274618789e+00 -9.047140077968739424e-01
1.284936122901627620e-01 6.261103258064697474e-01
3.394116764999439706e-01 2.659436596006166664e-01
4.075357347594558699e-01 3.190316159511046301e-01
2.830149836717779532e+00 -8.052332421370420601e-01
1.798638807405791962e+00 -5.126577116584281057e-01
6.335423375678683744e-01 2.318234927333303053e-01
1.879308130191505111e+00 -3.403506111107350574e-01
3.290379324159584673e+00 -6.440347040743349405e-01
2.716983583362535537e+00 -5.697049861593217468e-01
-3.541862191471757404e-01 5.357011169789533955e-01
4.200022420957604474e+00 -1.207826198970132214e+00
-1.979923806437631217e+00 1.287761498605548560e+00
5.916728606167560578e+00 -2.101375738829198259e+00
2.566563366162463833e+00 -5.441531135408445019e-01
3.660024663409321644e+00 -1.019904768495987657e+00
3.833153150266543019e+00 -1.223535132500704226e+00
1.925850811401048190e+00 -2.740196407445417703e-01
-6.415925474111606741e-01 8.194967867996129085e-01
8.614090223170357552e-01 8.299089520328817304e-03
4.607234962457738447e+00 -1.627467682146900074e+00
2.643019867799920153e+00 -6.470814918015171946e-01
2.172049087755755448e+00 -4.787429641798732760e-01
3.280962583711946046e+00 -8.306745134303277212e-01
2.602320686916038461e+00 -6.015417508918597944e-01
2.564978224964316489e+00 -4.748390232872059524e-01
3.811429632678098756e+00 -1.202063922060521151e+00
8.665209957339881086e-02 3.078200273057744574e-01
2.012857301400747811e+00 -3.833579456390647788e-01
2.738918643315484402e+00 -5.853184588292901225e-01
