5.643154235288527776e-01 8.972976848071740896e-01
5.092973133101524219e+00 -5.437650725676043351e+00
-5.437650725676043351e+00 6.359047006780214950e+00
2.039393217240781375e+00 -3.894121820721021532e-01
-2.600498778102979358e+00 4.670119371454832802e+00
2.881685068816525863e+00 -1.532584655591640033e-01
-1.604425845292006825e-01 2.033149277189564508e+00
-3.256614243871051251e+00 4.154089521134646468e+00
-4.646223212016535875e-01 8.497507931453897045e-01
1.131388026165169425e+00 2.629077653855116381e-03
4.416365071046033375e-01 1.754518777505786886e+00
1.909581790566342363e+00 -8.546175535130753342e-01
-1.030507217758016791e+00 2.712861749142969181e+00
-2.331253400126576558e+00 4.341275300106157253e+00
2.187037167157270368e+00 -1.181157866669551471e+00
1.295601527072227865e+00 1.396381294985066246e-01
1.629697662521707446e+00 -9.368933522964895122e-01
1.636322203689739574e+00 3.209126034608138500e-01
3.585403146799595042e+00 -2.751002125518374974e+00
1.825780999529642346e+00 -5.905227156381234188e-01
-2.657901246459940303e+00 5.260367861550495405e+00
-4.431359437335375961e-01 2.688940795373811810e+00
1.240512666348026150e+00 -1.368731852575944430e+00
-2.884858569703292019e+00 4.710212706171803987e+00
2.443875706322341523e-01 2.253851791411363159e+00
6.400144223849220104e-01 9.307384850672352217e-01
4.171219503481771729e-01 6.101512055999938067e-01
1.936071378520937580e+00 -9.325356536229176818e-01
2.128528271084086931e+00 -1.101245275559563641e-01
9.691058389754202418e-01 -3.168492762741548230e-01
-1.394513869138490847e+00 2.119105278052586527e+00
3.080703481745318939e+00 -1.449942612664500086e+00
1.220871483897657095e+00 9.306052853761026533e-02
4.518515349813953641e+00 -4.114059986935986402e+00
-6.332626220321004862e-01 3.274381164915333375e+00
1.477375111062049218e+00 -4.775484032949919300e-01
5.422483979512153773e-01 1.449950621928779881e+00
3.489108857660458085e+00 -1.340368333822111513e+00
-4.033919044809750609e+00 6.803392347901873194e+00
8.886745178450488059e-01 1.285884085557625234e+00
5.282187984061879060e-01 3.026497069185480893e-01
1.161238005236201687e+00 -9.994059585766268405e-02
-1.037996842691814470e+00 1.497436493317771289e+00
3.057749943428031969e+00 -2.321911088703661363e+00
7.960742844283131836e-01 1.103528487020063009e+00
1.308571029501843341e+00 -4.146785043993053144e-01
-4.453627163981940917e+00 5.419457475248783851e+00
-3.486528067227234295e+00 4.369805561217774859e+00
6.773734520190141772e+00 -5.773156580199525933e+00
3.770580818261544565e+00 -2.320853493922767630e+00
-4.026493062584477478e-01 1.877361140426057062e+00
7.074974914813333626e+00 -7.078926258037482100e+00
-2.119851233132729051e-01 1.903665848219737278e+00
3.082237954264367197e+00 -2.364652658461225965e+00
-1.909118755514543020e+00 4.724023624238599339e+00
-3.391661326920455410e-01 2.575300325707384097e+00
-1.574363379287866405e-01 1.311083297488303545e+00
1.483344995326654425e+00 -6.033943701287296513e-01
1.129734504358828051e+00 9.385569471992238899e-01
-1.197147445755848194e+00 2.994199842517403010e+00
9.302242966664160395e-01 4.090744445073316582e-01
3.461947946265790499e+00 -2.189790572164212801e+00
3.803305969679904863e-01 4.253721323648325670e-01
-1.244742865909108431e+00 3.458330555658399863e+00
-2.902602293362408936e+00 3.901122583931482701e+00
-9.380531602760933119e-02 2.317786388331128489e+00
2.571337127242268039e+00 -1.662139400821922575e-01
2.319282930002862564e+00 -4.493773663124500661e-01
-8.322579546041652954e-02 7.627069919867670578e-01
1.449473599027687465e-01 2.853694651311703190e+00
-1.181640573907214664e+00 2.776544027427522821e+00
4.411658920293692887e+00 -4.334852040481301572e+00
-1.311595136615101742e+00 1.738985134375893526e+00
3.702652923219186043e+00 -2.855507091180466084e+00
3.781251470946037641e-01 1.067389112964494347e+00
2.042994470313327149e+00 -1.251471485428039987e+00
-4.804735228534036118e-01 2.412756587302819611e+00
-1.807614040183247450e-02 1.937520262504918156e+00
2.253815672580585794e-01 -9.517145086594847037e-03
-2.569978006775069934e-01 1.718986930942633995e+00
-4.184075453028436975e+00 5.473940414643317709e+00
-2.282238124463242812e+00 3.493114310464650707e+00
-1.014980721092841431e+00 2.250680970169847583e+00
-1.543462528908297271e+00 2.449075664589339674e+00
3.173156507879483890e+00 -3.341550993352861543e+00
1.365556577946118066e+00 -3.436317533292052584e-01
-1.799611643017567486e+00 3.021120343622421434e+00
2.294997147862111397e+00 -1.775589323970839128e+00
-2.260948139056820239e+00 2.777201514283690997e+00
2.852529293788382603e+00 -1.687166827901663613e+00
-2.479873368679184509e+00 3.428321772923471844e+00
4.011023417720398498e+00 -2.670672445326414568e+00
-7.732412971019508863e-02 1.557877004735246818e+00
2.469175171352692155e-01 7.981131755726966759e-01
4.691456254087239763e+00 -3.406461935645542116e+00
-1.006380058310218928e+00 3.250513423787668277e+00
8.918794173879984744e-01 -4.540044538536922580e-01
1.835123205618980569e+00 -6.964383268506988411e-01
-1.340902386313526762e+00 3.097069077248595370e+00
-3.114484276339157809e-01 2.125184375864271225e+00
-3.619059807523246075e-01 1.114437582853498698e+00
-2.915148094406578849e+00 3.932860145613304770e+00
-1.673773243637921349e+00 3.484983261172277746e+00
