7.251195763740773126e-01 5.731206805220460110e-01
1.105101031221595420e+01 1.541106411252866036e-02
1.541106411252866036e-02 8.352413214184966961e+00
6.683660787848867635e+00 2.965373079909153553e+00
2.033085323745392081e+00 -2.472932329983386524e+00
-3.772687675116447981e+00 -4.176481886686486122e-01
6.884132844320724587e+00 6.824253136428541033e+00
-2.695755716456398332e+00 4.163246225547043267e+00
-4.867688125523418341e-01 -2.509507008467245726e+00
-2.315545348723859309e+00 1.288925554095035064e+00
4.424245286513344699e-01 -4.752116263375835814e+00
4.887340864712315103e-01 5.744816335285834796e+00
4.248746242535672124e+00 -3.336184219961989772e+00
3.309463095821737255e+00 -6.730434738559561980e-01
3.887835352623554730e+00 -2.849169203918321180e+00
-3.581641381019915915e+00 1.065198118355980439e+00
-2.508092885965840679e+00 -8.918186116841192446e-01
4.081554773209380649e+00 -1.139634729407886127e+00
3.431456317155352931e+00 -3.184607854335366639e+00
-1.999306887688414580e-01 1.041887081559950579e+00
-1.555638407549656543e-01 4.851939288071788425e+00
1.628979886087552398e+00 -2.476954606868912112e+00
4.471767066989269956e+00 4.394034326263644097e+00
1.274617511878644249e+00 4.140783996089281160e+00
-2.476545539272015262e+00 -3.017618930950323186e+00
4.872709361628522196e+00 3.221682572447690518e+00
5.909321317282238972e-01 1.445713245528901458e+00
3.722701622617593742e+00 -4.625560593797018782e+00
1.976519715310291136e+00 1.450634467170117126e-01
-3.723479326468749351e-01 2.415493248112376090e+00
1.191346423988365544e+00 2.578837194099641850e-01
1.399530280464331700e+00 6.929622171836972155e-01
-2.416501206866040974e+00 8.218108533340817701e-03
6.264227499693488799e-01 9.389406238392078663e+00
4.113234425257084936e+00 1.282651074579722827e+00
8.214758329905584855e-01 -3.292132453655724600e+00
1.505855847781855772e+00 6.352666030941358510e-01
-4.548904829402738770e+00 3.752731938027970671e+00
-4.042339001708392665e+00 -5.281824083174433859e+00
6.111130219320553003e+00 -2.763973866275781788e+00
7.645882135210150032e+00 2.006550883422501652e+00
-9.169415911752466508e-01 4.089323775404134054e+00
4.304888658214364838e+00 3.929968009095829995e-01
5.455170037721207343e+00 3.286906222568248381e+00
3.254343159675846753e+00 2.936725290681051703e+00
7.146069729633379719e-01 -1.282763647173586374e+00
-4.053843867733607498e-01 -3.418839901860546426e+00
3.391317578673136435e+00 2.466467208525991328e+00
6.139770459184261675e-01 5.509287590873315210e+00
2.782308905223943807e+00 7.536929005526300962e+00
-1.364647611206281752e+00 -5.227291701803800983e+00
1.902413683355541174e+00 -2.834668068330170154e+00
-6.151210313527410101e+00 3.970737573222394623e+00
2.117002627085822652e+00 2.784267235858966849e+00
5.455851466298677011e+00 3.152343886271796514e+00
-6.471294913570813989e+00 -4.600242044513974671e-01
7.396629674263351717e+00 1.133552566831001585e+00
1.453096207504644077e+00 5.357026298376705853e+00
-3.133696294249274095e-01 -3.549928481973185335e+00
7.069453645447587586e-02 6.266205231632255845e-01
3.171954571000763945e+00 3.385835956887064846e+00
-3.032127137685737051e+00 7.816977456891693876e+00
4.265573108055383145e+00 2.070310593838783131e+00
7.757842699380473883e-01 -8.468094561194624559e-01
1.587096296605986279e+00 3.888556152208495043e+00
3.060053140122238613e+00 4.069462426380860975e-01
1.535890867024772843e-01 2.227625039034739185e+00
2.146005688027910807e+00 1.456759230443737119e-01
-1.521466088504249470e+00 -6.858239216921563353e-01
1.896444921806605066e+00 4.186277416152928588e+00
4.078223714389824117e+00 -2.716606998929190553e+00
1.002099331452667164e-01 7.200758780878641074e-01
5.837543621991879705e-01 2.617610757931382537e+00
8.513310310837909345e-01 3.415381396704948447e+00
-1.019018538659433037e+00 -5.341774376126261492e-01
-8.595272170748561535e+00 -2.938350284764481124e+00
2.070282818446254058e+00 -6.831699159067262661e-01
5.359834031974854973e+00 4.110138865962942312e+00
-7.775942618831166442e-02 2.588903811466823246e+00
1.187244799018385200e+00 1.497812361799707670e+00
-2.458169356587246668e+00 4.003547299456715614e+00
-1.749434178129528394e+00 4.146524853435191282e+00
1.955524809281163012e+00 8.294553708308114448e-01
1.761049111683726132e+00 -1.256004517720339386e+00
2.617128153475791308e+00 1.094755153046476526e+00
-5.057603381543629428e-02 1.576258824331780772e+00
-1.061546078910204916e+00 1.120034784286859431e+00
8.596209649819419596e-02 -4.042369917419857961e-01
4.588940255055472761e+00 4.582412461766532275e+00
3.064554971552617135e-01 3.599782005742986346e+00
4.181295535990673606e+00 -2.244301695178521072e-01
9.355794057229244176e-01 4.592058428131638337e+00
-1.826075348579068169e+00 -1.797109202867948063e+00
7.573641898634894121e-01 1.278437953574172781e+00
5.224934696301925641e+00 5.945302883063317445e+00
-1.954061501452398542e+00 -2.958447658065295194e+00
-3.638369126225069028e+00 1.540385815881998743e+00
-1.444228242164003806e+00 3.575481994707481181e+00
2.457679947257567221e+00 -3.752591135930467559e+00
-2.260717017464624057e+00 1.983795117623629700e+00
6.635506377922615329e-01 4.700361749467179884e+00
-6.503259446045506209e+00 -1.807139910233297009e+00
2.341865622497452559e+00 -2.380428192369042684e+00
